Sample	0	1	2	3	4	5	6	7	8	9	10	11	12	13	14	15	16	17	18	19	20	21	22	23	24
ERR1755874_1	(32, 75537.0)	(37, 54946.0)	(42, 27389.0)	(47, 29397.0)	(52, 38227.0)	(57, 44674.0)	(62, 46648.0)	(67, 26536.0)	(72, 37621.0)	(77, 41271.0)	(82, 41148.0)	(87, 39383.0)	(92, 43969.0)	(97, 34157.0)	(102, 48249.0)	(107, 70496.0)	(112, 123685.0)	(117, 139815.0)	(122, 81004.0)	(127, 117706.0)	(132, 157095.0)	(137, 275429.0)	(142, 208022.0)	(147, 140482.0)	(151, 793377.0)
ERR1755874_2	(32, 55311.0)	(37, 27385.0)	(42, 12310.0)	(47, 22562.0)	(52, 29492.0)	(57, 39887.0)	(62, 50119.0)	(67, 52421.0)	(72, 30829.0)	(77, 50804.0)	(82, 40770.0)	(87, 36840.0)	(92, 38284.0)	(97, 35708.0)	(102, 47248.0)	(107, 57184.0)	(112, 82420.0)	(117, 92168.0)	(122, 105751.0)	(127, 123302.0)	(132, 133729.0)	(137, 217678.0)	(142, 214287.0)	(147, 182506.0)	(151, 957268.0)
ERR1755875_1	(32, 42362.0)	(37, 25683.0)	(42, 21316.0)	(47, 14755.0)	(52, 22857.0)	(57, 24897.0)	(62, 17030.0)	(67, 12238.0)	(72, 11872.0)	(77, 19228.0)	(82, 17817.0)	(87, 17024.0)	(92, 19790.0)	(97, 21851.0)	(102, 24676.0)	(107, 33872.0)	(112, 47909.0)	(117, 61337.0)	(122, 46692.0)	(127, 50557.0)	(132, 80950.0)	(137, 88666.0)	(142, 90221.0)	(147, 84571.0)	(151, 333216.0)
ERR1755875_2	(32, 22802.0)	(37, 16855.0)	(42, 11258.0)	(47, 11395.0)	(52, 16027.0)	(57, 22523.0)	(62, 19206.0)	(67, 14987.0)	(72, 12386.0)	(77, 25776.0)	(82, 21135.0)	(87, 17978.0)	(92, 18291.0)	(97, 22203.0)	(102, 23859.0)	(107, 28331.0)	(112, 35556.0)	(117, 43671.0)	(122, 54126.0)	(127, 53726.0)	(132, 74488.0)	(137, 79177.0)	(142, 104538.0)	(147, 84074.0)	(151, 397019.0)
ERR1755883_1	(32, 42134.0)	(37, 30619.0)	(42, 27045.0)	(47, 18424.0)	(52, 32731.0)	(57, 32955.0)	(62, 21380.0)	(67, 11696.0)	(72, 12947.0)	(77, 21351.0)	(82, 20673.0)	(87, 21097.0)	(92, 22040.0)	(97, 23269.0)	(102, 26690.0)	(107, 35871.0)	(112, 47108.0)	(117, 48990.0)	(122, 42473.0)	(127, 44657.0)	(132, 85649.0)	(137, 66867.0)	(142, 53143.0)	(147, 37564.0)	(151, 304318.0)
ERR1755883_2	(32, 26184.0)	(37, 38100.0)	(42, 14435.0)	(47, 14070.0)	(52, 19999.0)	(57, 26769.0)	(62, 20859.0)	(67, 15756.0)	(72, 14111.0)	(77, 27707.0)	(82, 21020.0)	(87, 17737.0)	(92, 17407.0)	(97, 16593.0)	(102, 20338.0)	(107, 24918.0)	(112, 31399.0)	(117, 35081.0)	(122, 45951.0)	(127, 42358.0)	(132, 81285.0)	(137, 64313.0)	(142, 71441.0)	(147, 55160.0)	(151, 368700.0)
ERR1755895_1	(32, 12891.0)	(37, 11075.0)	(42, 9701.0)	(47, 5626.0)	(52, 9378.0)	(57, 9035.0)	(62, 7813.0)	(67, 4179.0)	(72, 5243.0)	(77, 9374.0)	(82, 8571.0)	(87, 7506.0)	(92, 8189.0)	(97, 8167.0)	(102, 9901.0)	(107, 14038.0)	(112, 17441.0)	(117, 21569.0)	(122, 17367.0)	(127, 16767.0)	(132, 52297.0)	(137, 35539.0)	(142, 31651.0)	(147, 19168.0)	(151, 124531.0)
ERR1755895_2	(32, 15289.0)	(37, 6895.0)	(42, 5243.0)	(47, 7383.0)	(52, 6986.0)	(57, 7871.0)	(62, 7861.0)	(67, 6398.0)	(72, 6621.0)	(77, 10297.0)	(82, 8068.0)	(87, 7483.0)	(92, 8431.0)	(97, 7973.0)	(102, 9636.0)	(107, 18830.0)	(112, 13653.0)	(117, 16868.0)	(122, 20331.0)	(127, 21989.0)	(132, 47896.0)	(137, 30867.0)	(142, 33266.0)	(147, 26204.0)	(151, 124678.0)
ERR1755908_1	(32, 36343.0)	(37, 24670.0)	(42, 18944.0)	(47, 11506.0)	(52, 15448.0)	(57, 15210.0)	(62, 13422.0)	(67, 12987.0)	(72, 13600.0)	(77, 21158.0)	(82, 20594.0)	(87, 20876.0)	(92, 23141.0)	(97, 24679.0)	(102, 28580.0)	(107, 39835.0)	(112, 52835.0)	(117, 74886.0)	(122, 45607.0)	(127, 59231.0)	(132, 82471.0)	(137, 91867.0)	(142, 104523.0)	(147, 48628.0)	(151, 274014.0)
ERR1755908_2	(32, 26834.0)	(37, 12353.0)	(42, 13678.0)	(47, 15603.0)	(52, 17434.0)	(57, 17495.0)	(62, 15543.0)	(67, 15862.0)	(72, 13542.0)	(77, 28563.0)	(82, 24440.0)	(87, 25369.0)	(92, 26820.0)	(97, 30233.0)	(102, 34345.0)	(107, 40098.0)	(112, 52467.0)	(117, 65951.0)	(122, 74974.0)	(127, 79214.0)	(132, 72473.0)	(137, 97809.0)	(142, 92085.0)	(147, 64685.0)	(151, 217185.0)
ERR1755910_1	(32, 40009.0)	(37, 23997.0)	(42, 25794.0)	(47, 16383.0)	(52, 23950.0)	(57, 25011.0)	(62, 19930.0)	(67, 12375.0)	(72, 12972.0)	(77, 21626.0)	(82, 21459.0)	(87, 22139.0)	(92, 24924.0)	(97, 22930.0)	(102, 26453.0)	(107, 40243.0)	(112, 55074.0)	(117, 62268.0)	(122, 46484.0)	(127, 54658.0)	(132, 78826.0)	(137, 78702.0)	(142, 66511.0)	(147, 41919.0)	(151, 194697.0)
ERR1755910_2	(32, 21887.0)	(37, 15089.0)	(42, 12918.0)	(47, 21026.0)	(52, 20362.0)	(57, 25283.0)	(62, 19537.0)	(67, 16381.0)	(72, 14663.0)	(77, 30774.0)	(82, 21831.0)	(87, 20905.0)	(92, 20919.0)	(97, 24101.0)	(102, 24777.0)	(107, 31326.0)	(112, 41612.0)	(117, 46513.0)	(122, 49484.0)	(127, 59045.0)	(132, 88171.0)	(137, 92799.0)	(142, 82805.0)	(147, 61006.0)	(151, 196120.0)
ERR1755912_1	(32, 43762.0)	(37, 24033.0)	(42, 16090.0)	(47, 12591.0)	(52, 20391.0)	(57, 20338.0)	(62, 15526.0)	(67, 14560.0)	(72, 15109.0)	(77, 27373.0)	(82, 24218.0)	(87, 22303.0)	(92, 22706.0)	(97, 23077.0)	(102, 27148.0)	(107, 38937.0)	(112, 52842.0)	(117, 64964.0)	(122, 43171.0)	(127, 56956.0)	(132, 73182.0)	(137, 89402.0)	(142, 86540.0)	(147, 50720.0)	(151, 320364.0)
ERR1755912_2	(32, 32812.0)	(37, 12825.0)	(42, 12507.0)	(47, 17507.0)	(52, 19670.0)	(57, 24846.0)	(62, 21422.0)	(67, 18163.0)	(72, 15108.0)	(77, 35026.0)	(82, 27224.0)	(87, 25516.0)	(92, 26632.0)	(97, 26697.0)	(102, 29536.0)	(107, 38868.0)	(112, 50011.0)	(117, 59682.0)	(122, 78245.0)	(127, 79665.0)	(132, 65391.0)	(137, 102272.0)	(142, 88217.0)	(147, 68530.0)	(151, 229931.0)
ERR1755913_1	(32, 27623.0)	(37, 20701.0)	(42, 16130.0)	(47, 12947.0)	(52, 14134.0)	(57, 13872.0)	(62, 12294.0)	(67, 10766.0)	(72, 10065.0)	(77, 19742.0)	(82, 17826.0)	(87, 14380.0)	(92, 16159.0)	(97, 15697.0)	(102, 17977.0)	(107, 20364.0)	(112, 29870.0)	(117, 38306.0)	(122, 33435.0)	(127, 35885.0)	(132, 68405.0)	(137, 51979.0)	(142, 60907.0)	(147, 56346.0)	(151, 228726.0)
ERR1755913_2	(32, 18924.0)	(37, 11754.0)	(42, 8437.0)	(47, 17977.0)	(52, 11965.0)	(57, 17707.0)	(62, 15242.0)	(67, 11688.0)	(72, 10352.0)	(77, 22972.0)	(82, 17266.0)	(87, 14531.0)	(92, 15738.0)	(97, 13430.0)	(102, 16130.0)	(107, 17635.0)	(112, 23745.0)	(117, 28073.0)	(122, 33872.0)	(127, 40451.0)	(132, 71807.0)	(137, 53208.0)	(142, 67499.0)	(147, 65388.0)	(151, 238745.0)
ERR1755917_1	(32, 65453.0)	(37, 32972.0)	(42, 23265.0)	(47, 19689.0)	(52, 32902.0)	(57, 34034.0)	(62, 24232.0)	(67, 17942.0)	(72, 14899.0)	(77, 35260.0)	(82, 31176.0)	(87, 34219.0)	(92, 36924.0)	(97, 31867.0)	(102, 36060.0)	(107, 46891.0)	(112, 66716.0)	(117, 67992.0)	(122, 58094.0)	(127, 59106.0)	(132, 76532.0)	(137, 77708.0)	(142, 64139.0)	(147, 57651.0)	(151, 271655.0)
ERR1755917_2	(32, 32610.0)	(37, 22451.0)	(42, 12500.0)	(47, 23182.0)	(52, 22269.0)	(57, 30207.0)	(62, 30593.0)	(67, 19636.0)	(72, 18317.0)	(77, 43236.0)	(82, 30479.0)	(87, 25708.0)	(92, 28539.0)	(97, 25235.0)	(102, 27716.0)	(107, 31765.0)	(112, 40611.0)	(117, 46003.0)	(122, 57296.0)	(127, 59023.0)	(132, 75607.0)	(137, 93055.0)	(142, 89230.0)	(147, 89221.0)	(151, 342889.0)
ERR1755919_1	(32, 12311.0)	(37, 13072.0)	(42, 6236.0)	(47, 8406.0)	(52, 9937.0)	(57, 29260.0)	(62, 17458.0)	(67, 15262.0)	(72, 11956.0)	(77, 27782.0)	(82, 20668.0)	(87, 16730.0)	(92, 21920.0)	(97, 26676.0)	(102, 28371.0)	(107, 31479.0)	(112, 45376.0)	(117, 71043.0)	(122, 79334.0)	(127, 106586.0)	(132, 186763.0)	(137, 122308.0)	(142, 177305.0)	(147, 128013.0)	(151, 829824.0)
ERR1755919_2	(32, 10993.0)	(37, 11709.0)	(42, 7323.0)	(47, 9746.0)	(52, 9498.0)	(57, 26290.0)	(62, 19108.0)	(67, 20118.0)	(72, 17482.0)	(77, 35397.0)	(82, 29739.0)	(87, 30008.0)	(92, 37373.0)	(97, 42298.0)	(102, 47139.0)	(107, 55760.0)	(112, 74707.0)	(117, 107794.0)	(122, 113341.0)	(127, 125565.0)	(132, 173573.0)	(137, 147824.0)	(142, 199488.0)	(147, 135651.0)	(151, 556152.0)
ERR1755921_1	(32, 42179.0)	(37, 19040.0)	(42, 9731.0)	(47, 15515.0)	(52, 27544.0)	(57, 18069.0)	(62, 17459.0)	(67, 9118.0)	(72, 8867.0)	(77, 15944.0)	(82, 20460.0)	(87, 20651.0)	(92, 22885.0)	(97, 18219.0)	(102, 25575.0)	(107, 35584.0)	(112, 55585.0)	(117, 66664.0)	(122, 56999.0)	(127, 64401.0)	(132, 83735.0)	(137, 159461.0)	(142, 93553.0)	(147, 71853.0)	(151, 314988.0)
ERR1755921_2	(32, 33858.0)	(37, 12300.0)	(42, 6548.0)	(47, 17697.0)	(52, 23832.0)	(57, 19971.0)	(62, 21633.0)	(67, 11984.0)	(72, 25687.0)	(77, 20435.0)	(82, 20284.0)	(87, 16456.0)	(92, 31611.0)	(97, 15114.0)	(102, 21324.0)	(107, 32672.0)	(112, 46231.0)	(117, 51085.0)	(122, 87838.0)	(127, 65820.0)	(132, 73262.0)	(137, 135897.0)	(142, 96848.0)	(147, 96364.0)	(151, 309328.0)
ERR1755922_1	(32, 27417.0)	(37, 17112.0)	(42, 10129.0)	(47, 7024.0)	(52, 13963.0)	(57, 12503.0)	(62, 11237.0)	(67, 4629.0)	(72, 6082.0)	(77, 9621.0)	(82, 10489.0)	(87, 11340.0)	(92, 13351.0)	(97, 11052.0)	(102, 14247.0)	(107, 24422.0)	(112, 35382.0)	(117, 40600.0)	(122, 31713.0)	(127, 35897.0)	(132, 48865.0)	(137, 54051.0)	(142, 30308.0)	(147, 25458.0)	(151, 76916.0)
ERR1755922_2	(32, 19797.0)	(37, 9146.0)	(42, 4554.0)	(47, 6698.0)	(52, 8879.0)	(57, 11111.0)	(62, 11475.0)	(67, 7997.0)	(72, 7107.0)	(77, 14373.0)	(82, 13541.0)	(87, 12120.0)	(92, 11727.0)	(97, 12809.0)	(102, 15046.0)	(107, 21106.0)	(112, 23525.0)	(117, 25266.0)	(122, 28751.0)	(127, 31788.0)	(132, 50323.0)	(137, 52169.0)	(142, 42544.0)	(147, 38199.0)	(151, 103757.0)
ERR1755935_1	(32, 30603.0)	(37, 20733.0)	(42, 19256.0)	(47, 13726.0)	(52, 14104.0)	(57, 13592.0)	(62, 12679.0)	(67, 10218.0)	(72, 9177.0)	(77, 16517.0)	(82, 16554.0)	(87, 15929.0)	(92, 14175.0)	(97, 15985.0)	(102, 20705.0)	(107, 23889.0)	(112, 30220.0)	(117, 40777.0)	(122, 37511.0)	(127, 38631.0)	(132, 104842.0)	(137, 68417.0)	(142, 62272.0)	(147, 50571.0)	(151, 203195.0)
ERR1755935_2	(32, 21821.0)	(37, 14056.0)	(42, 9438.0)	(47, 14958.0)	(52, 12652.0)	(57, 15329.0)	(62, 12598.0)	(67, 10777.0)	(72, 8515.0)	(77, 18560.0)	(82, 15860.0)	(87, 13747.0)	(92, 13362.0)	(97, 13154.0)	(102, 17847.0)	(107, 20692.0)	(112, 23233.0)	(117, 29431.0)	(122, 33100.0)	(127, 40317.0)	(132, 110036.0)	(137, 80174.0)	(142, 78870.0)	(147, 58456.0)	(151, 217295.0)
ERR1755937_1	(32, 41665.0)	(37, 23011.0)	(42, 24610.0)	(47, 16529.0)	(52, 20960.0)	(57, 20716.0)	(62, 20058.0)	(67, 13296.0)	(72, 11543.0)	(77, 20555.0)	(82, 20211.0)	(87, 21086.0)	(92, 24548.0)	(97, 26486.0)	(102, 28575.0)	(107, 43479.0)	(112, 61221.0)	(117, 74682.0)	(122, 55766.0)	(127, 66213.0)	(132, 82422.0)	(137, 95640.0)	(142, 57295.0)	(147, 41066.0)	(151, 120026.0)
ERR1755937_2	(32, 22941.0)	(37, 14792.0)	(42, 14989.0)	(47, 18985.0)	(52, 19365.0)	(57, 26519.0)	(62, 24359.0)	(67, 18689.0)	(72, 11293.0)	(77, 29114.0)	(82, 25484.0)	(87, 22393.0)	(92, 24121.0)	(97, 30207.0)	(102, 33158.0)	(107, 47868.0)	(112, 61535.0)	(117, 59662.0)	(122, 75742.0)	(127, 67149.0)	(132, 73355.0)	(137, 100044.0)	(142, 64169.0)	(147, 40493.0)	(151, 105233.0)
ERR1755940_1	(32, 39836.0)	(37, 22191.0)	(42, 20344.0)	(47, 15430.0)	(52, 23918.0)	(57, 24243.0)	(62, 18679.0)	(67, 11508.0)	(72, 12181.0)	(77, 20252.0)	(82, 19581.0)	(87, 20673.0)	(92, 21927.0)	(97, 20368.0)	(102, 23665.0)	(107, 36039.0)	(112, 50045.0)	(117, 53489.0)	(122, 42737.0)	(127, 50566.0)	(132, 65126.0)	(137, 74293.0)	(142, 61627.0)	(147, 46256.0)	(151, 207536.0)
ERR1755940_2	(32, 20500.0)	(37, 13689.0)	(42, 10314.0)	(47, 19955.0)	(52, 18612.0)	(57, 25140.0)	(62, 18770.0)	(67, 15200.0)	(72, 13715.0)	(77, 28785.0)	(82, 19404.0)	(87, 18912.0)	(92, 18744.0)	(97, 19518.0)	(102, 20793.0)	(107, 26664.0)	(112, 35880.0)	(117, 39373.0)	(122, 45105.0)	(127, 54190.0)	(132, 72341.0)	(137, 85600.0)	(142, 77623.0)	(147, 66745.0)	(151, 216938.0)
ERR1755943_1	(32, 52047.0)	(37, 30284.0)	(42, 28567.0)	(47, 21477.0)	(52, 29270.0)	(57, 27417.0)	(62, 22598.0)	(67, 14381.0)	(72, 16116.0)	(77, 22721.0)	(82, 21190.0)	(87, 22325.0)	(92, 24997.0)	(97, 23716.0)	(102, 30434.0)	(107, 42305.0)	(112, 57095.0)	(117, 78762.0)	(122, 64613.0)	(127, 71574.0)	(132, 135221.0)	(137, 107859.0)	(142, 111506.0)	(147, 86971.0)	(151, 434476.0)
ERR1755943_2	(32, 23881.0)	(37, 15501.0)	(42, 11960.0)	(47, 14264.0)	(52, 18057.0)	(57, 24146.0)	(62, 23159.0)	(67, 23685.0)	(72, 21206.0)	(77, 30028.0)	(82, 24290.0)	(87, 23037.0)	(92, 21497.0)	(97, 24955.0)	(102, 30027.0)	(107, 33919.0)	(112, 40931.0)	(117, 51413.0)	(122, 60893.0)	(127, 64034.0)	(132, 132089.0)	(137, 95586.0)	(142, 138591.0)	(147, 99284.0)	(151, 531489.0)
ERR1755944_1	(32, 14486.0)	(37, 8256.0)	(42, 6334.0)	(47, 5019.0)	(52, 9056.0)	(57, 6596.0)	(62, 5722.0)	(67, 3709.0)	(72, 4170.0)	(77, 7050.0)	(82, 6288.0)	(87, 6877.0)	(92, 6074.0)	(97, 5996.0)	(102, 6583.0)	(107, 9150.0)	(112, 13055.0)	(117, 15944.0)	(122, 12037.0)	(127, 17224.0)	(132, 25668.0)	(137, 35565.0)	(142, 25081.0)	(147, 18675.0)	(151, 122826.0)
ERR1755944_2	(32, 14820.0)	(37, 4414.0)	(42, 3132.0)	(47, 6023.0)	(52, 8091.0)	(57, 8080.0)	(62, 10607.0)	(67, 7705.0)	(72, 5967.0)	(77, 9998.0)	(82, 7568.0)	(87, 7605.0)	(92, 6993.0)	(97, 7548.0)	(102, 8404.0)	(107, 10687.0)	(112, 13804.0)	(117, 16679.0)	(122, 23204.0)	(127, 23161.0)	(132, 21656.0)	(137, 34402.0)	(142, 28123.0)	(147, 23572.0)	(151, 85198.0)
ERR1755946_1	(32, 37201.0)	(37, 24267.0)	(42, 15936.0)	(47, 9964.0)	(52, 18073.0)	(57, 28841.0)	(62, 15433.0)	(67, 9526.0)	(72, 8511.0)	(77, 23479.0)	(82, 19368.0)	(87, 20073.0)	(92, 22877.0)	(97, 19909.0)	(102, 30708.0)	(107, 48892.0)	(112, 80832.0)	(117, 72350.0)	(122, 34249.0)	(127, 53129.0)	(132, 57484.0)	(137, 99274.0)	(142, 80373.0)	(147, 37169.0)	(151, 351842.0)
ERR1755946_2	(32, 15116.0)	(37, 21027.0)	(42, 14773.0)	(47, 16658.0)	(52, 19738.0)	(57, 28141.0)	(62, 24099.0)	(67, 13063.0)	(72, 11731.0)	(77, 32394.0)	(82, 23571.0)	(87, 23405.0)	(92, 24495.0)	(97, 19663.0)	(102, 26830.0)	(107, 43971.0)	(112, 65636.0)	(117, 71180.0)	(122, 74396.0)	(127, 86956.0)	(132, 57424.0)	(137, 132254.0)	(142, 89666.0)	(147, 54131.0)	(151, 229442.0)
ERR1755949_1	(32, 30637.0)	(37, 18333.0)	(42, 19887.0)	(47, 12277.0)	(52, 18105.0)	(57, 18124.0)	(62, 14456.0)	(67, 9054.0)	(72, 9843.0)	(77, 15551.0)	(82, 15471.0)	(87, 15855.0)	(92, 17510.0)	(97, 16760.0)	(102, 19959.0)	(107, 28741.0)	(112, 39903.0)	(117, 46636.0)	(122, 34067.0)	(127, 40674.0)	(132, 59981.0)	(137, 59330.0)	(142, 51545.0)	(147, 32483.0)	(151, 157570.0)
ERR1755949_2	(32, 17761.0)	(37, 11742.0)	(42, 9224.0)	(47, 15276.0)	(52, 14619.0)	(57, 18710.0)	(62, 13633.0)	(67, 11707.0)	(72, 10672.0)	(77, 20865.0)	(82, 15156.0)	(87, 14890.0)	(92, 14167.0)	(97, 17070.0)	(102, 17956.0)	(107, 22467.0)	(112, 30043.0)	(117, 33986.0)	(122, 36750.0)	(127, 44366.0)	(132, 64541.0)	(137, 71471.0)	(142, 67272.0)	(147, 48363.0)	(151, 160045.0)
ERR1755954_1	(32, 27628.0)	(37, 20614.0)	(42, 13636.0)	(47, 7947.0)	(52, 14856.0)	(57, 19061.0)	(62, 12099.0)	(67, 7964.0)	(72, 8814.0)	(77, 16532.0)	(82, 14366.0)	(87, 12864.0)	(92, 13278.0)	(97, 13959.0)	(102, 16764.0)	(107, 21486.0)	(112, 32014.0)	(117, 44121.0)	(122, 30168.0)	(127, 32984.0)	(132, 44337.0)	(137, 49720.0)	(142, 47284.0)	(147, 42022.0)	(151, 206724.0)
ERR1755954_2	(32, 19243.0)	(37, 12835.0)	(42, 8782.0)	(47, 11829.0)	(52, 11961.0)	(57, 16161.0)	(62, 12669.0)	(67, 10536.0)	(72, 10488.0)	(77, 22082.0)	(82, 15519.0)	(87, 12386.0)	(92, 12334.0)	(97, 13951.0)	(102, 15588.0)	(107, 19396.0)	(112, 25233.0)	(117, 30475.0)	(122, 34514.0)	(127, 40352.0)	(132, 46513.0)	(137, 64288.0)	(142, 67216.0)	(147, 56971.0)	(151, 179920.0)
ERR1755957_1	(32, 14393.0)	(37, 15372.0)	(42, 7135.0)	(47, 10844.0)	(52, 11272.0)	(57, 34531.0)	(62, 25175.0)	(67, 27237.0)	(72, 25297.0)	(77, 45661.0)	(82, 38607.0)	(87, 37429.0)	(92, 48602.0)	(97, 53353.0)	(102, 61664.0)	(107, 73748.0)	(112, 92246.0)	(117, 116072.0)	(122, 159814.0)	(127, 160122.0)	(132, 167237.0)	(137, 162683.0)	(142, 142945.0)	(147, 118867.0)	(151, 640012.0)
ERR1755957_2	(32, 17329.0)	(37, 15823.0)	(42, 10235.0)	(47, 12685.0)	(52, 11920.0)	(57, 35980.0)	(62, 28892.0)	(67, 29343.0)	(72, 31103.0)	(77, 55876.0)	(82, 53902.0)	(87, 57244.0)	(92, 74920.0)	(97, 76988.0)	(102, 90898.0)	(107, 105161.0)	(112, 112871.0)	(117, 138847.0)	(122, 186097.0)	(127, 168770.0)	(132, 161512.0)	(137, 182628.0)	(142, 163773.0)	(147, 104298.0)	(151, 363223.0)
ERR1755965_1	(32, 58276.0)	(37, 36973.0)	(42, 25284.0)	(47, 20546.0)	(52, 43682.0)	(57, 24599.0)	(62, 16386.0)	(67, 9834.0)	(72, 11597.0)	(77, 25784.0)	(82, 22954.0)	(87, 25465.0)	(92, 25789.0)	(97, 24570.0)	(102, 31096.0)	(107, 40655.0)	(112, 58459.0)	(117, 73636.0)	(122, 66155.0)	(127, 83842.0)	(132, 114195.0)	(137, 145060.0)	(142, 110240.0)	(147, 99892.0)	(151, 383712.0)
ERR1755965_2	(32, 28627.0)	(37, 15747.0)	(42, 10162.0)	(47, 13705.0)	(52, 20572.0)	(57, 29702.0)	(62, 21933.0)	(67, 15375.0)	(72, 14401.0)	(77, 32386.0)	(82, 23522.0)	(87, 22157.0)	(92, 20248.0)	(97, 22497.0)	(102, 24850.0)	(107, 27811.0)	(112, 34801.0)	(117, 42261.0)	(122, 56303.0)	(127, 63328.0)	(132, 81145.0)	(137, 103428.0)	(142, 131702.0)	(147, 103593.0)	(151, 618425.0)
ERR1755971_1	(32, 14523.0)	(37, 10198.0)	(42, 6181.0)	(47, 8180.0)	(52, 10060.0)	(57, 14605.0)	(62, 12943.0)	(67, 12401.0)	(72, 11157.0)	(77, 16947.0)	(82, 14361.0)	(87, 13660.0)	(92, 13397.0)	(97, 13727.0)	(102, 17429.0)	(107, 25810.0)	(112, 33999.0)	(117, 42363.0)	(122, 49964.0)	(127, 64762.0)	(132, 90774.0)	(137, 88275.0)	(142, 100680.0)	(147, 108122.0)	(151, 259162.0)
ERR1755971_2	(32, 23628.0)	(37, 7156.0)	(42, 3797.0)	(47, 7500.0)	(52, 7944.0)	(57, 17440.0)	(62, 11883.0)	(67, 11927.0)	(72, 9317.0)	(77, 16824.0)	(82, 13517.0)	(87, 13203.0)	(92, 13558.0)	(97, 14100.0)	(102, 17662.0)	(107, 27363.0)	(112, 36791.0)	(117, 46802.0)	(122, 46874.0)	(127, 51869.0)	(132, 85277.0)	(137, 87823.0)	(142, 101500.0)	(147, 108254.0)	(151, 271671.0)
ERR1755973_1	(32, 45726.0)	(37, 29030.0)	(42, 12637.0)	(47, 15438.0)	(52, 21037.0)	(57, 24388.0)	(62, 19240.0)	(67, 10552.0)	(72, 11715.0)	(77, 20834.0)	(82, 18770.0)	(87, 19583.0)	(92, 21581.0)	(97, 17299.0)	(102, 22080.0)	(107, 36145.0)	(112, 62134.0)	(117, 69919.0)	(122, 44985.0)	(127, 59902.0)	(132, 86531.0)	(137, 129473.0)	(142, 83869.0)	(147, 84914.0)	(151, 408821.0)
ERR1755973_2	(32, 31697.0)	(37, 13496.0)	(42, 6757.0)	(47, 13379.0)	(52, 17530.0)	(57, 23791.0)	(62, 19590.0)	(67, 17481.0)	(72, 9864.0)	(77, 27308.0)	(82, 19538.0)	(87, 17616.0)	(92, 17922.0)	(97, 17929.0)	(102, 21129.0)	(107, 28186.0)	(112, 41235.0)	(117, 43722.0)	(122, 63036.0)	(127, 60971.0)	(132, 74867.0)	(137, 107862.0)	(142, 99403.0)	(147, 108616.0)	(151, 473678.0)
ERR1755988_1	(32, 22383.0)	(37, 14694.0)	(42, 12220.0)	(47, 6860.0)	(52, 15088.0)	(57, 15289.0)	(62, 11120.0)	(67, 6480.0)	(72, 7229.0)	(77, 12541.0)	(82, 12090.0)	(87, 12581.0)	(92, 11253.0)	(97, 12472.0)	(102, 15163.0)	(107, 21126.0)	(112, 27578.0)	(117, 29475.0)	(122, 20137.0)	(127, 23551.0)	(132, 45876.0)	(137, 44247.0)	(142, 31787.0)	(147, 20157.0)	(151, 157277.0)
ERR1755988_2	(32, 15490.0)	(37, 28211.0)	(42, 9222.0)	(47, 10445.0)	(52, 13111.0)	(57, 15465.0)	(62, 13549.0)	(67, 10213.0)	(72, 8872.0)	(77, 17550.0)	(82, 15481.0)	(87, 14088.0)	(92, 13518.0)	(97, 12824.0)	(102, 15827.0)	(107, 22429.0)	(112, 29350.0)	(117, 32387.0)	(122, 48097.0)	(127, 37621.0)	(132, 37216.0)	(137, 48005.0)	(142, 32541.0)	(147, 23661.0)	(151, 83501.0)
ERR1755991_1	(32, 49612.0)	(37, 27919.0)	(42, 23117.0)	(47, 17187.0)	(52, 34147.0)	(57, 32562.0)	(62, 24421.0)	(67, 14674.0)	(72, 14843.0)	(77, 28672.0)	(82, 27657.0)	(87, 24104.0)	(92, 23072.0)	(97, 22066.0)	(102, 30456.0)	(107, 42459.0)	(112, 62586.0)	(117, 67239.0)	(122, 40465.0)	(127, 48249.0)	(132, 72230.0)	(137, 98920.0)	(142, 74099.0)	(147, 71036.0)	(151, 268850.0)
ERR1755991_2	(32, 29584.0)	(37, 19760.0)	(42, 13313.0)	(47, 21534.0)	(52, 20629.0)	(57, 29908.0)	(62, 26191.0)	(67, 16176.0)	(72, 13547.0)	(77, 29199.0)	(82, 21922.0)	(87, 18488.0)	(92, 17291.0)	(97, 18499.0)	(102, 21381.0)	(107, 25867.0)	(112, 34468.0)	(117, 37698.0)	(122, 46152.0)	(127, 50479.0)	(132, 62369.0)	(137, 98555.0)	(142, 103531.0)	(147, 100811.0)	(151, 363290.0)
ERR1756002_1	(32, 30626.0)	(37, 20128.0)	(42, 13350.0)	(47, 8663.0)	(52, 16193.0)	(57, 16615.0)	(62, 11736.0)	(67, 6367.0)	(72, 7907.0)	(77, 13175.0)	(82, 11958.0)	(87, 10707.0)	(92, 13120.0)	(97, 14290.0)	(102, 17988.0)	(107, 26047.0)	(112, 35842.0)	(117, 43726.0)	(122, 29572.0)	(127, 35057.0)	(132, 54127.0)	(137, 46311.0)	(142, 44532.0)	(147, 42165.0)	(151, 173023.0)
ERR1756002_2	(32, 17354.0)	(37, 12285.0)	(42, 6268.0)	(47, 10258.0)	(52, 12801.0)	(57, 14478.0)	(62, 12135.0)	(67, 9719.0)	(72, 8546.0)	(77, 18417.0)	(82, 13008.0)	(87, 10775.0)	(92, 10801.0)	(97, 11394.0)	(102, 13942.0)	(107, 17911.0)	(112, 21814.0)	(117, 23290.0)	(122, 28380.0)	(127, 33847.0)	(132, 59702.0)	(137, 49334.0)	(142, 58020.0)	(147, 59554.0)	(151, 209192.0)
ERR1756003_1	(32, 15406.0)	(37, 17973.0)	(42, 9564.0)	(47, 13652.0)	(52, 12724.0)	(57, 36236.0)	(62, 28181.0)	(67, 31157.0)	(72, 32907.0)	(77, 48758.0)	(82, 43491.0)	(87, 43273.0)	(92, 49907.0)	(97, 55643.0)	(102, 71685.0)	(107, 76974.0)	(112, 101462.0)	(117, 146655.0)	(122, 161388.0)	(127, 175909.0)	(132, 211685.0)	(137, 155967.0)	(142, 134721.0)	(147, 88326.0)	(151, 512676.0)
ERR1756003_2	(32, 18421.0)	(37, 19537.0)	(42, 13051.0)	(47, 16512.0)	(52, 15003.0)	(57, 38897.0)	(62, 33527.0)	(67, 35306.0)	(72, 40699.0)	(77, 62132.0)	(82, 61272.0)	(87, 64913.0)	(92, 76789.0)	(97, 80165.0)	(102, 97337.0)	(107, 106752.0)	(112, 119214.0)	(117, 164309.0)	(122, 191215.0)	(127, 166578.0)	(132, 184369.0)	(137, 167315.0)	(142, 146334.0)	(147, 81406.0)	(151, 275267.0)
ERR1756006_1	(32, 45456.0)	(37, 22393.0)	(42, 18807.0)	(47, 13626.0)	(52, 17596.0)	(57, 12862.0)	(62, 13635.0)	(67, 7687.0)	(72, 8045.0)	(77, 12295.0)	(82, 15186.0)	(87, 20643.0)	(92, 27323.0)	(97, 22794.0)	(102, 25425.0)	(107, 47331.0)	(112, 79541.0)	(117, 66991.0)	(122, 57928.0)	(127, 72217.0)	(132, 136118.0)	(137, 182175.0)	(142, 241668.0)	(147, 32531.0)	(151, 95288.0)
ERR1756006_2	(32, 32487.0)	(37, 14815.0)	(42, 11064.0)	(47, 15167.0)	(52, 12780.0)	(57, 18338.0)	(62, 16438.0)	(67, 9948.0)	(72, 6453.0)	(77, 15262.0)	(82, 17917.0)	(87, 30290.0)	(92, 23578.0)	(97, 26230.0)	(102, 28021.0)	(107, 41775.0)	(112, 59800.0)	(117, 57657.0)	(122, 72965.0)	(127, 76762.0)	(132, 120522.0)	(137, 157485.0)	(142, 271806.0)	(147, 39806.0)	(151, 118195.0)
ERR1756007_1	(32, 33689.0)	(37, 20236.0)	(42, 14952.0)	(47, 12209.0)	(52, 22184.0)	(57, 29454.0)	(62, 17025.0)	(67, 11467.0)	(72, 10761.0)	(77, 22502.0)	(82, 18777.0)	(87, 18701.0)	(92, 19624.0)	(97, 21363.0)	(102, 24255.0)	(107, 33130.0)	(112, 45874.0)	(117, 45741.0)	(122, 36458.0)	(127, 40642.0)	(132, 58252.0)	(137, 70784.0)	(142, 58352.0)	(147, 41947.0)	(151, 278203.0)
ERR1756007_2	(32, 50656.0)	(37, 11496.0)	(42, 8045.0)	(47, 8563.0)	(52, 11812.0)	(57, 22071.0)	(62, 17288.0)	(67, 13894.0)	(72, 12419.0)	(77, 24998.0)	(82, 19195.0)	(87, 16263.0)	(92, 15829.0)	(97, 17247.0)	(102, 18593.0)	(107, 24271.0)	(112, 28570.0)	(117, 34203.0)	(122, 41462.0)	(127, 40626.0)	(132, 50941.0)	(137, 61209.0)	(142, 65758.0)	(147, 65478.0)	(151, 325695.0)
ERR1756017_1	(32, 42012.0)	(37, 24293.0)	(42, 16346.0)	(47, 9278.0)	(52, 20143.0)	(57, 32479.0)	(62, 22905.0)	(67, 12745.0)	(72, 11206.0)	(77, 19122.0)	(82, 18697.0)	(87, 20223.0)	(92, 22792.0)	(97, 19700.0)	(102, 25851.0)	(107, 47431.0)	(112, 70488.0)	(117, 82423.0)	(122, 48795.0)	(127, 73822.0)	(132, 94958.0)	(137, 134895.0)	(142, 80393.0)	(147, 61271.0)	(151, 314726.0)
ERR1756017_2	(32, 21228.0)	(37, 19045.0)	(42, 10645.0)	(47, 14519.0)	(52, 18633.0)	(57, 27222.0)	(62, 24738.0)	(67, 19819.0)	(72, 13341.0)	(77, 30555.0)	(82, 28686.0)	(87, 27083.0)	(92, 27154.0)	(97, 28498.0)	(102, 35962.0)	(107, 48292.0)	(112, 67653.0)	(117, 78414.0)	(122, 95434.0)	(127, 99129.0)	(132, 81836.0)	(137, 137222.0)	(142, 86702.0)	(147, 72356.0)	(151, 212828.0)
ERR1756023_1	(32, 126741.0)	(37, 96857.0)	(42, 50789.0)	(47, 26758.0)	(52, 76521.0)	(57, 112472.0)	(62, 77979.0)	(67, 25820.0)	(72, 30935.0)	(77, 55139.0)	(82, 49239.0)	(87, 48368.0)	(92, 65865.0)	(97, 53078.0)	(102, 71570.0)	(107, 140629.0)	(112, 229680.0)	(117, 225128.0)	(122, 119263.0)	(127, 147192.0)	(132, 147234.0)	(137, 318760.0)	(142, 171812.0)	(147, 130462.0)	(151, 516309.0)
ERR1756023_2	(32, 50727.0)	(37, 58014.0)	(42, 25318.0)	(47, 34809.0)	(52, 56471.0)	(57, 89934.0)	(62, 89876.0)	(67, 49874.0)	(72, 45802.0)	(77, 99755.0)	(82, 74246.0)	(87, 51190.0)	(92, 54657.0)	(97, 60395.0)	(102, 71032.0)	(107, 104819.0)	(112, 149799.0)	(117, 142284.0)	(122, 159384.0)	(127, 150372.0)	(132, 145468.0)	(137, 293514.0)	(142, 217857.0)	(147, 172725.0)	(151, 666278.0)
ERR1756032_1	(32, 12458.0)	(37, 11852.0)	(42, 5644.0)	(47, 7871.0)	(52, 9680.0)	(57, 23963.0)	(62, 13324.0)	(67, 11051.0)	(72, 9817.0)	(77, 22012.0)	(82, 16023.0)	(87, 13830.0)	(92, 16391.0)	(97, 15169.0)	(102, 18265.0)	(107, 24427.0)	(112, 37712.0)	(117, 47375.0)	(122, 50590.0)	(127, 68328.0)	(132, 95377.0)	(137, 133980.0)	(142, 163424.0)	(147, 148373.0)	(151, 1001942.0)
ERR1756032_2	(32, 6686.0)	(37, 6383.0)	(42, 4938.0)	(47, 6887.0)	(52, 7463.0)	(57, 18589.0)	(62, 15799.0)	(67, 11406.0)	(72, 9112.0)	(77, 26900.0)	(82, 20288.0)	(87, 15802.0)	(92, 17443.0)	(97, 17914.0)	(102, 22308.0)	(107, 26227.0)	(112, 31364.0)	(117, 42610.0)	(122, 66238.0)	(127, 72905.0)	(132, 93103.0)	(137, 125844.0)	(142, 160942.0)	(147, 160147.0)	(151, 991580.0)
ERR1756035_1	(32, 29183.0)	(37, 23881.0)	(42, 22147.0)	(47, 9748.0)	(52, 16178.0)	(57, 22118.0)	(62, 15766.0)	(67, 8919.0)	(72, 8545.0)	(77, 17058.0)	(82, 17059.0)	(87, 21461.0)	(92, 19342.0)	(97, 18824.0)	(102, 24242.0)	(107, 44199.0)	(112, 70366.0)	(117, 62572.0)	(122, 29638.0)	(127, 39906.0)	(132, 74706.0)	(137, 65204.0)	(142, 53273.0)	(147, 26464.0)	(151, 169972.0)
ERR1756035_2	(32, 13083.0)	(37, 18586.0)	(42, 14876.0)	(47, 16165.0)	(52, 18423.0)	(57, 21775.0)	(62, 17951.0)	(67, 13069.0)	(72, 11967.0)	(77, 25427.0)	(82, 20904.0)	(87, 22017.0)	(92, 20497.0)	(97, 20354.0)	(102, 26691.0)	(107, 38649.0)	(112, 58135.0)	(117, 66362.0)	(122, 67305.0)	(127, 69559.0)	(132, 57351.0)	(137, 73910.0)	(142, 51507.0)	(147, 32551.0)	(151, 113657.0)
ERR1756044_1	(32, 38306.0)	(37, 22171.0)	(42, 22496.0)	(47, 17220.0)	(52, 17298.0)	(57, 11688.0)	(62, 11819.0)	(67, 5103.0)	(72, 5905.0)	(77, 10249.0)	(82, 12141.0)	(87, 14602.0)	(92, 16921.0)	(97, 17437.0)	(102, 21094.0)	(107, 38139.0)	(112, 60598.0)	(117, 56613.0)	(122, 41129.0)	(127, 59808.0)	(132, 86356.0)	(137, 124598.0)	(142, 259539.0)	(147, 42486.0)	(151, 108283.0)
ERR1756044_2	(32, 22883.0)	(37, 23683.0)	(42, 7422.0)	(47, 13052.0)	(52, 14391.0)	(57, 13297.0)	(62, 13416.0)	(67, 8424.0)	(72, 8357.0)	(77, 15354.0)	(82, 12815.0)	(87, 11597.0)	(92, 12530.0)	(97, 16175.0)	(102, 17131.0)	(107, 26960.0)	(112, 39924.0)	(117, 37946.0)	(122, 34651.0)	(127, 49514.0)	(132, 87481.0)	(137, 124013.0)	(142, 322853.0)	(147, 56547.0)	(151, 131583.0)
ERR1756057_1	(32, 5541.0)	(37, 4306.0)	(42, 3377.0)	(47, 2854.0)	(52, 4311.0)	(57, 4559.0)	(62, 3004.0)	(67, 2003.0)	(72, 2163.0)	(77, 4166.0)	(82, 3694.0)	(87, 3318.0)	(92, 3278.0)	(97, 3351.0)	(102, 3941.0)	(107, 4545.0)	(112, 6361.0)	(117, 8424.0)	(122, 7052.0)	(127, 8077.0)	(132, 11526.0)	(137, 13024.0)	(142, 18182.0)	(147, 13605.0)	(151, 81178.0)
ERR1756057_2	(32, 4212.0)	(37, 3140.0)	(42, 2006.0)	(47, 2594.0)	(52, 3079.0)	(57, 4225.0)	(62, 3090.0)	(67, 2595.0)	(72, 2716.0)	(77, 5009.0)	(82, 3598.0)	(87, 3166.0)	(92, 3472.0)	(97, 3212.0)	(102, 3619.0)	(107, 4591.0)	(112, 15799.0)	(117, 5706.0)	(122, 6872.0)	(127, 7681.0)	(132, 9506.0)	(137, 11231.0)	(142, 17922.0)	(147, 15752.0)	(151, 81047.0)
ERR1756062_1	(32, 15575.0)	(37, 9673.0)	(42, 9051.0)	(47, 6460.0)	(52, 7859.0)	(57, 8667.0)	(62, 7347.0)	(67, 5528.0)	(72, 5422.0)	(77, 8954.0)	(82, 8223.0)	(87, 14290.0)	(92, 8331.0)	(97, 8961.0)	(102, 9265.0)	(107, 11544.0)	(112, 15134.0)	(117, 18300.0)	(122, 16955.0)	(127, 19353.0)	(132, 31448.0)	(137, 31569.0)	(142, 32098.0)	(147, 32358.0)	(151, 119415.0)
ERR1756062_2	(32, 27753.0)	(37, 5075.0)	(42, 4533.0)	(47, 6480.0)	(52, 5820.0)	(57, 8744.0)	(62, 7517.0)	(67, 6345.0)	(72, 5524.0)	(77, 10570.0)	(82, 8374.0)	(87, 7780.0)	(92, 8069.0)	(97, 10166.0)	(102, 7756.0)	(107, 9740.0)	(112, 12431.0)	(117, 15593.0)	(122, 21070.0)	(127, 22807.0)	(132, 26742.0)	(137, 27168.0)	(142, 31529.0)	(147, 33026.0)	(151, 131168.0)
ERR1756071_1	(32, 28552.0)	(37, 16396.0)	(42, 11727.0)	(47, 9637.0)	(52, 15498.0)	(57, 14495.0)	(62, 11181.0)	(67, 7064.0)	(72, 7915.0)	(77, 13647.0)	(82, 13138.0)	(87, 13058.0)	(92, 14773.0)	(97, 13885.0)	(102, 17380.0)	(107, 31295.0)	(112, 40681.0)	(117, 42587.0)	(122, 32970.0)	(127, 33780.0)	(132, 55791.0)	(137, 60873.0)	(142, 68339.0)	(147, 80337.0)	(151, 220735.0)
ERR1756071_2	(32, 62667.0)	(37, 9262.0)	(42, 4771.0)	(47, 9801.0)	(52, 10287.0)	(57, 14402.0)	(62, 10581.0)	(67, 9614.0)	(72, 7767.0)	(77, 17064.0)	(82, 14064.0)	(87, 12718.0)	(92, 11931.0)	(97, 13015.0)	(102, 15403.0)	(107, 20174.0)	(112, 25603.0)	(117, 26499.0)	(122, 29033.0)	(127, 33841.0)	(132, 53781.0)	(137, 63419.0)	(142, 76446.0)	(147, 97752.0)	(151, 225839.0)
ERR1756073_1	(32, 52025.0)	(37, 25022.0)	(42, 15829.0)	(47, 11850.0)	(52, 27073.0)	(57, 21882.0)	(62, 15502.0)	(67, 11506.0)	(72, 12193.0)	(77, 21234.0)	(82, 20648.0)	(87, 20289.0)	(92, 21867.0)	(97, 21644.0)	(102, 28310.0)	(107, 39571.0)	(112, 54659.0)	(117, 61119.0)	(122, 41949.0)	(127, 49050.0)	(132, 67235.0)	(137, 91472.0)	(142, 71208.0)	(147, 59616.0)	(151, 272416.0)
ERR1756073_2	(32, 27692.0)	(37, 23670.0)	(42, 11145.0)	(47, 12700.0)	(52, 17269.0)	(57, 21190.0)	(62, 17705.0)	(67, 15637.0)	(72, 12051.0)	(77, 29292.0)	(82, 21938.0)	(87, 17365.0)	(92, 18623.0)	(97, 20170.0)	(102, 23611.0)	(107, 30207.0)	(112, 39992.0)	(117, 42288.0)	(122, 57862.0)	(127, 55881.0)	(132, 56826.0)	(137, 87526.0)	(142, 92589.0)	(147, 85718.0)	(151, 296222.0)
ERR1756075_1	(32, 47807.0)	(37, 27261.0)	(42, 21467.0)	(47, 15935.0)	(52, 28259.0)	(57, 28414.0)	(62, 21742.0)	(67, 14125.0)	(72, 13521.0)	(77, 23270.0)	(82, 24907.0)	(87, 21319.0)	(92, 21722.0)	(97, 19787.0)	(102, 27555.0)	(107, 39361.0)	(112, 57496.0)	(117, 60824.0)	(122, 37282.0)	(127, 44565.0)	(132, 64960.0)	(137, 85311.0)	(142, 70377.0)	(147, 61474.0)	(151, 232745.0)
ERR1756075_2	(32, 24443.0)	(37, 16612.0)	(42, 11904.0)	(47, 18131.0)	(52, 18083.0)	(57, 23230.0)	(62, 22848.0)	(67, 15526.0)	(72, 12601.0)	(77, 26032.0)	(82, 21488.0)	(87, 16409.0)	(92, 15752.0)	(97, 16530.0)	(102, 20058.0)	(107, 23655.0)	(112, 31322.0)	(117, 34833.0)	(122, 41396.0)	(127, 46293.0)	(132, 60428.0)	(137, 87368.0)	(142, 94775.0)	(147, 88523.0)	(151, 323246.0)
ERR1756080_1	(32, 17709.0)	(37, 10151.0)	(42, 9281.0)	(47, 11194.0)	(52, 11515.0)	(57, 14481.0)	(62, 14406.0)	(67, 12236.0)	(72, 13755.0)	(77, 18675.0)	(82, 16267.0)	(87, 17410.0)	(92, 19037.0)	(97, 22852.0)	(102, 26241.0)	(107, 37968.0)	(112, 46091.0)	(117, 64956.0)	(122, 67830.0)	(127, 92202.0)	(132, 147204.0)	(137, 114241.0)	(142, 140256.0)	(147, 114922.0)	(151, 289667.0)
ERR1756080_2	(32, 27370.0)	(37, 6952.0)	(42, 5901.0)	(47, 8861.0)	(52, 10143.0)	(57, 16969.0)	(62, 11783.0)	(67, 11971.0)	(72, 10717.0)	(77, 18837.0)	(82, 17155.0)	(87, 19205.0)	(92, 18716.0)	(97, 25519.0)	(102, 28284.0)	(107, 39243.0)	(112, 50342.0)	(117, 68705.0)	(122, 66682.0)	(127, 74091.0)	(132, 138552.0)	(137, 112280.0)	(142, 136650.0)	(147, 115958.0)	(151, 309661.0)
ERR1756084_1	(32, 53478.0)	(37, 26600.0)	(42, 21875.0)	(47, 17283.0)	(52, 34305.0)	(57, 32833.0)	(62, 21763.0)	(67, 13039.0)	(72, 13976.0)	(77, 24630.0)	(82, 24846.0)	(87, 22245.0)	(92, 21181.0)	(97, 20424.0)	(102, 27916.0)	(107, 44100.0)	(112, 63915.0)	(117, 69553.0)	(122, 43703.0)	(127, 46355.0)	(132, 73298.0)	(137, 102630.0)	(142, 69024.0)	(147, 75298.0)	(151, 300622.0)
ERR1756084_2	(32, 28661.0)	(37, 19742.0)	(42, 13350.0)	(47, 20763.0)	(52, 20715.0)	(57, 28033.0)	(62, 23174.0)	(67, 13508.0)	(72, 12738.0)	(77, 27606.0)	(82, 21776.0)	(87, 18018.0)	(92, 15605.0)	(97, 15873.0)	(102, 19604.0)	(107, 26700.0)	(112, 30354.0)	(117, 40142.0)	(122, 46018.0)	(127, 48595.0)	(132, 63705.0)	(137, 102244.0)	(142, 94478.0)	(147, 106567.0)	(151, 406923.0)
ERR1756086_1	(32, 46396.0)	(37, 26449.0)	(42, 18921.0)	(47, 15050.0)	(52, 26205.0)	(57, 23487.0)	(62, 19560.0)	(67, 16580.0)	(72, 18056.0)	(77, 22131.0)	(82, 20912.0)	(87, 20791.0)	(92, 23990.0)	(97, 21744.0)	(102, 27414.0)	(107, 38521.0)	(112, 55935.0)	(117, 68717.0)	(122, 51694.0)	(127, 57789.0)	(132, 99291.0)	(137, 94068.0)	(142, 89872.0)	(147, 96742.0)	(151, 441191.0)
ERR1756086_2	(32, 20554.0)	(37, 15998.0)	(42, 9347.0)	(47, 17625.0)	(52, 18219.0)	(57, 25913.0)	(62, 25824.0)	(67, 20389.0)	(72, 19770.0)	(77, 32836.0)	(82, 23440.0)	(87, 20507.0)	(92, 19561.0)	(97, 19149.0)	(102, 22955.0)	(107, 31209.0)	(112, 35519.0)	(117, 40534.0)	(122, 47943.0)	(127, 55051.0)	(132, 85375.0)	(137, 85492.0)	(142, 104354.0)	(147, 117503.0)	(151, 526439.0)
ERR1756092_1	(32, 35848.0)	(37, 15991.0)	(42, 14562.0)	(47, 12274.0)	(52, 18705.0)	(57, 15671.0)	(62, 16648.0)	(67, 7839.0)	(72, 8531.0)	(77, 15516.0)	(82, 16756.0)	(87, 18537.0)	(92, 19225.0)	(97, 17700.0)	(102, 21524.0)	(107, 30445.0)	(112, 44661.0)	(117, 62143.0)	(122, 49855.0)	(127, 54670.0)	(132, 96538.0)	(137, 128008.0)	(142, 73095.0)	(147, 52307.0)	(151, 185669.0)
ERR1756092_2	(32, 28171.0)	(37, 11470.0)	(42, 8083.0)	(47, 13764.0)	(52, 19123.0)	(57, 17406.0)	(62, 17114.0)	(67, 11623.0)	(72, 20494.0)	(77, 19126.0)	(82, 17711.0)	(87, 16775.0)	(92, 25618.0)	(97, 19139.0)	(102, 21924.0)	(107, 29763.0)	(112, 40321.0)	(117, 43440.0)	(122, 66307.0)	(127, 61127.0)	(132, 84039.0)	(137, 103397.0)	(142, 89696.0)	(147, 61874.0)	(151, 185213.0)
ERR1756095_1	(32, 28986.0)	(37, 21424.0)	(42, 22587.0)	(47, 14109.0)	(52, 12894.0)	(57, 13968.0)	(62, 12467.0)	(67, 9797.0)	(72, 10051.0)	(77, 15405.0)	(82, 14594.0)	(87, 13724.0)	(92, 14908.0)	(97, 16586.0)	(102, 18799.0)	(107, 23888.0)	(112, 33914.0)	(117, 46525.0)	(122, 39442.0)	(127, 42432.0)	(132, 102751.0)	(137, 70739.0)	(142, 92667.0)	(147, 58110.0)	(151, 196862.0)
ERR1756095_2	(32, 16945.0)	(37, 12591.0)	(42, 10644.0)	(47, 15298.0)	(52, 12996.0)	(57, 15049.0)	(62, 11762.0)	(67, 10958.0)	(72, 8770.0)	(77, 18295.0)	(82, 14565.0)	(87, 12789.0)	(92, 13189.0)	(97, 14755.0)	(102, 17153.0)	(107, 21717.0)	(112, 26387.0)	(117, 33470.0)	(122, 34121.0)	(127, 42039.0)	(132, 104430.0)	(137, 75137.0)	(142, 110263.0)	(147, 64514.0)	(151, 229792.0)
ERR1756101_1	(32, 32011.0)	(37, 17178.0)	(42, 13161.0)	(47, 12362.0)	(52, 18830.0)	(57, 18406.0)	(62, 15770.0)	(67, 9765.0)	(72, 9698.0)	(77, 17380.0)	(82, 15726.0)	(87, 15885.0)	(92, 17289.0)	(97, 16811.0)	(102, 20377.0)	(107, 30270.0)	(112, 44725.0)	(117, 50318.0)	(122, 37082.0)	(127, 44751.0)	(132, 58912.0)	(137, 76436.0)	(142, 53735.0)	(147, 49553.0)	(151, 161583.0)
ERR1756101_2	(32, 21379.0)	(37, 11386.0)	(42, 8036.0)	(47, 13528.0)	(52, 13602.0)	(57, 20593.0)	(62, 17904.0)	(67, 14400.0)	(72, 9768.0)	(77, 24952.0)	(82, 19263.0)	(87, 15893.0)	(92, 17979.0)	(97, 19077.0)	(102, 21272.0)	(107, 29900.0)	(112, 42208.0)	(117, 41229.0)	(122, 56328.0)	(127, 53531.0)	(132, 52858.0)	(137, 73926.0)	(142, 61988.0)	(147, 50401.0)	(151, 146613.0)
ERR1756105_1	(32, 41153.0)	(37, 40296.0)	(42, 20348.0)	(47, 27999.0)	(52, 28510.0)	(57, 54479.0)	(62, 42738.0)	(67, 71534.0)	(72, 32958.0)	(77, 55000.0)	(82, 41778.0)	(87, 32812.0)	(92, 37291.0)	(97, 43304.0)	(102, 47486.0)	(107, 63416.0)	(112, 81853.0)	(117, 127222.0)	(122, 135302.0)	(127, 165495.0)	(132, 464623.0)	(137, 252809.0)	(142, 493070.0)	(147, 489089.0)	(151, 1989461.0)
ERR1756105_2	(32, 27090.0)	(37, 23916.0)	(42, 15837.0)	(47, 26949.0)	(52, 28100.0)	(57, 97063.0)	(62, 62378.0)	(67, 36162.0)	(72, 28535.0)	(77, 76836.0)	(82, 52280.0)	(87, 41555.0)	(92, 45728.0)	(97, 56799.0)	(102, 61087.0)	(107, 75854.0)	(112, 90181.0)	(117, 136626.0)	(122, 173688.0)	(127, 197156.0)	(132, 448276.0)	(137, 286993.0)	(142, 439513.0)	(147, 433245.0)	(151, 1918179.0)
ERR1756107_1	(32, 18668.0)	(37, 10624.0)	(42, 8373.0)	(47, 6405.0)	(52, 11677.0)	(57, 9031.0)	(62, 6272.0)	(67, 4218.0)	(72, 4497.0)	(77, 10195.0)	(82, 8808.0)	(87, 9293.0)	(92, 7389.0)	(97, 7648.0)	(102, 8541.0)	(107, 10708.0)	(112, 16088.0)	(117, 19397.0)	(122, 15271.0)	(127, 22015.0)	(132, 31927.0)	(137, 42260.0)	(142, 33596.0)	(147, 24879.0)	(151, 159104.0)
ERR1756107_2	(32, 19024.0)	(37, 6211.0)	(42, 4316.0)	(47, 7826.0)	(52, 10436.0)	(57, 10983.0)	(62, 8498.0)	(67, 6806.0)	(72, 5987.0)	(77, 14138.0)	(82, 10188.0)	(87, 9682.0)	(92, 9569.0)	(97, 10588.0)	(102, 11139.0)	(107, 13571.0)	(112, 18095.0)	(117, 21325.0)	(122, 29250.0)	(127, 30836.0)	(132, 27935.0)	(137, 43061.0)	(142, 38255.0)	(147, 32085.0)	(151, 107080.0)
ERR1756111_1	(32, 31540.0)	(37, 16134.0)	(42, 13493.0)	(47, 12168.0)	(52, 17730.0)	(57, 17748.0)	(62, 15263.0)	(67, 9633.0)	(72, 10174.0)	(77, 16776.0)	(82, 15806.0)	(87, 16260.0)	(92, 17078.0)	(97, 17644.0)	(102, 21309.0)	(107, 31541.0)	(112, 46889.0)	(117, 52344.0)	(122, 39216.0)	(127, 41737.0)	(132, 73525.0)	(137, 79940.0)	(142, 53660.0)	(147, 43491.0)	(151, 161794.0)
ERR1756111_2	(32, 22195.0)	(37, 11328.0)	(42, 8641.0)	(47, 13942.0)	(52, 14730.0)	(57, 21452.0)	(62, 18755.0)	(67, 15692.0)	(72, 10276.0)	(77, 25112.0)	(82, 20344.0)	(87, 17692.0)	(92, 18476.0)	(97, 20373.0)	(102, 23437.0)	(107, 32641.0)	(112, 45602.0)	(117, 43560.0)	(122, 60537.0)	(127, 52585.0)	(132, 62412.0)	(137, 74338.0)	(142, 60568.0)	(147, 44992.0)	(151, 133213.0)
ERR1756115_1	(32, 27647.0)	(37, 20642.0)	(42, 8668.0)	(47, 13376.0)	(52, 15898.0)	(57, 38440.0)	(62, 23987.0)	(67, 26619.0)	(72, 29592.0)	(77, 36276.0)	(82, 28341.0)	(87, 23237.0)	(92, 33400.0)	(97, 30463.0)	(102, 39592.0)	(107, 44872.0)	(112, 58578.0)	(117, 89295.0)	(122, 107019.0)	(127, 128218.0)	(132, 224534.0)	(137, 133601.0)	(142, 205351.0)	(147, 115349.0)	(151, 815630.0)
ERR1756115_2	(32, 24350.0)	(37, 16216.0)	(42, 9777.0)	(47, 14676.0)	(52, 14083.0)	(57, 35093.0)	(62, 25664.0)	(67, 30069.0)	(72, 33908.0)	(77, 44369.0)	(82, 38880.0)	(87, 33843.0)	(92, 46838.0)	(97, 45140.0)	(102, 56071.0)	(107, 67380.0)	(112, 79740.0)	(117, 125104.0)	(122, 147772.0)	(127, 141101.0)	(132, 214449.0)	(137, 165716.0)	(142, 224874.0)	(147, 120326.0)	(151, 563186.0)
ERR1756118_1	(32, 22082.0)	(37, 18182.0)	(42, 8900.0)	(47, 8667.0)	(52, 21856.0)	(57, 18342.0)	(62, 13138.0)	(67, 8132.0)	(72, 6722.0)	(77, 14870.0)	(82, 17513.0)	(87, 12484.0)	(92, 11833.0)	(97, 10891.0)	(102, 14673.0)	(107, 19932.0)	(112, 25250.0)	(117, 33529.0)	(122, 25342.0)	(127, 26892.0)	(132, 32053.0)	(137, 50422.0)	(142, 42138.0)	(147, 38587.0)	(151, 275209.0)
ERR1756118_2	(32, 16545.0)	(37, 11287.0)	(42, 11962.0)	(47, 15724.0)	(52, 14107.0)	(57, 15502.0)	(62, 15498.0)	(67, 8268.0)	(72, 6471.0)	(77, 18372.0)	(82, 15938.0)	(87, 11139.0)	(92, 13321.0)	(97, 9946.0)	(102, 14829.0)	(107, 18666.0)	(112, 25908.0)	(117, 34052.0)	(122, 59680.0)	(127, 46110.0)	(132, 34536.0)	(137, 58491.0)	(142, 55707.0)	(147, 48961.0)	(151, 196619.0)
ERR1756127_1	(32, 39030.0)	(37, 25610.0)	(42, 17537.0)	(47, 11338.0)	(52, 22646.0)	(57, 26353.0)	(62, 15887.0)	(67, 11460.0)	(72, 11211.0)	(77, 21483.0)	(82, 17849.0)	(87, 14949.0)	(92, 16156.0)	(97, 18222.0)	(102, 21237.0)	(107, 27873.0)	(112, 40273.0)	(117, 53577.0)	(122, 30760.0)	(127, 29949.0)	(132, 45323.0)	(137, 50756.0)	(142, 40841.0)	(147, 30215.0)	(151, 185188.0)
ERR1756127_2	(32, 34286.0)	(37, 21696.0)	(42, 11970.0)	(47, 16115.0)	(52, 17144.0)	(57, 24753.0)	(62, 18370.0)	(67, 12064.0)	(72, 10945.0)	(77, 26647.0)	(82, 17197.0)	(87, 12348.0)	(92, 12979.0)	(97, 14600.0)	(102, 17735.0)	(107, 20410.0)	(112, 25570.0)	(117, 28628.0)	(122, 33758.0)	(127, 35402.0)	(132, 46355.0)	(137, 62324.0)	(142, 62838.0)	(147, 49081.0)	(151, 192508.0)
ERR1756130_1	(32, 40531.0)	(37, 18062.0)	(42, 13717.0)	(47, 13716.0)	(52, 19368.0)	(57, 28820.0)	(62, 21395.0)	(67, 17864.0)	(72, 21448.0)	(77, 20262.0)	(82, 20081.0)	(87, 21724.0)	(92, 24076.0)	(97, 24439.0)	(102, 32865.0)	(107, 50110.0)	(112, 64767.0)	(117, 86663.0)	(122, 87794.0)	(127, 110746.0)	(132, 128050.0)	(137, 149447.0)	(142, 116890.0)	(147, 82799.0)	(151, 177093.0)
ERR1756130_2	(32, 17861.0)	(37, 9433.0)	(42, 6005.0)	(47, 11660.0)	(52, 13348.0)	(57, 22508.0)	(62, 23650.0)	(67, 24572.0)	(72, 20396.0)	(77, 24710.0)	(82, 25283.0)	(87, 29358.0)	(92, 26823.0)	(97, 31747.0)	(102, 38185.0)	(107, 52664.0)	(112, 71840.0)	(117, 84682.0)	(122, 91557.0)	(127, 90934.0)	(132, 101829.0)	(137, 127862.0)	(142, 125114.0)	(147, 114139.0)	(151, 206567.0)
ERR1756131_1	(32, 23184.0)	(37, 27610.0)	(42, 10038.0)	(47, 21501.0)	(52, 20388.0)	(57, 41828.0)	(62, 44153.0)	(67, 38999.0)	(72, 33035.0)	(77, 49595.0)	(82, 43311.0)	(87, 38879.0)	(92, 46020.0)	(97, 44700.0)	(102, 53600.0)	(107, 77039.0)	(112, 100364.0)	(117, 128964.0)	(122, 220929.0)	(127, 151319.0)	(132, 191228.0)	(137, 176373.0)	(142, 191270.0)	(147, 158702.0)	(151, 811083.0)
ERR1756131_2	(32, 23995.0)	(37, 28417.0)	(42, 14286.0)	(47, 23703.0)	(52, 19582.0)	(57, 41035.0)	(62, 46074.0)	(67, 42291.0)	(72, 41662.0)	(77, 63570.0)	(82, 63565.0)	(87, 57448.0)	(92, 66453.0)	(97, 65956.0)	(102, 77769.0)	(107, 104762.0)	(112, 135633.0)	(117, 161570.0)	(122, 250084.0)	(127, 165240.0)	(132, 196944.0)	(137, 208996.0)	(142, 224831.0)	(147, 127611.0)	(151, 492635.0)
ERR1756135_1	(32, 32082.0)	(37, 20659.0)	(42, 16331.0)	(47, 12766.0)	(52, 22972.0)	(57, 28213.0)	(62, 17850.0)	(67, 10379.0)	(72, 10963.0)	(77, 21792.0)	(82, 18311.0)	(87, 17026.0)	(92, 18913.0)	(97, 20446.0)	(102, 24147.0)	(107, 31866.0)	(112, 42722.0)	(117, 46166.0)	(122, 34612.0)	(127, 40791.0)	(132, 51908.0)	(137, 64911.0)	(142, 52597.0)	(147, 35513.0)	(151, 217593.0)
ERR1756135_2	(32, 48581.0)	(37, 12139.0)	(42, 8550.0)	(47, 8774.0)	(52, 11978.0)	(57, 21826.0)	(62, 17635.0)	(67, 12497.0)	(72, 11900.0)	(77, 24248.0)	(82, 17697.0)	(87, 14731.0)	(92, 15171.0)	(97, 18003.0)	(102, 19961.0)	(107, 22970.0)	(112, 28807.0)	(117, 32176.0)	(122, 36400.0)	(127, 38025.0)	(132, 46978.0)	(137, 56670.0)	(142, 62579.0)	(147, 53424.0)	(151, 269809.0)
ERR1756136_1	(32, 27980.0)	(37, 16200.0)	(42, 9720.0)	(47, 7429.0)	(52, 17531.0)	(57, 14994.0)	(62, 13572.0)	(67, 5954.0)	(72, 7600.0)	(77, 9907.0)	(82, 10496.0)	(87, 11335.0)	(92, 13120.0)	(97, 10942.0)	(102, 13912.0)	(107, 23906.0)	(112, 36227.0)	(117, 40642.0)	(122, 33316.0)	(127, 36531.0)	(132, 45826.0)	(137, 64629.0)	(142, 31461.0)	(147, 29241.0)	(151, 95101.0)
ERR1756136_2	(32, 22283.0)	(37, 9604.0)	(42, 4764.0)	(47, 7857.0)	(52, 10355.0)	(57, 13780.0)	(62, 14349.0)	(67, 10834.0)	(72, 10157.0)	(77, 15331.0)	(82, 13801.0)	(87, 12638.0)	(92, 12519.0)	(97, 13011.0)	(102, 14574.0)	(107, 21022.0)	(112, 24074.0)	(117, 24634.0)	(122, 30865.0)	(127, 31592.0)	(132, 40627.0)	(137, 58655.0)	(142, 46626.0)	(147, 43512.0)	(151, 120108.0)
ERR1756138_1	(32, 15681.0)	(37, 11653.0)	(42, 13505.0)	(47, 7605.0)	(52, 7558.0)	(57, 8639.0)	(62, 8009.0)	(67, 6004.0)	(72, 6347.0)	(77, 8474.0)	(82, 8253.0)	(87, 15545.0)	(92, 9075.0)	(97, 10258.0)	(102, 11034.0)	(107, 13895.0)	(112, 18631.0)	(117, 24502.0)	(122, 21320.0)	(127, 23892.0)	(132, 53971.0)	(137, 37700.0)	(142, 47099.0)	(147, 34200.0)	(151, 99811.0)
ERR1756138_2	(32, 29742.0)	(37, 6245.0)	(42, 5967.0)	(47, 7116.0)	(52, 6992.0)	(57, 8348.0)	(62, 7123.0)	(67, 7095.0)	(72, 5748.0)	(77, 10684.0)	(82, 8975.0)	(87, 8922.0)	(92, 8978.0)	(97, 12751.0)	(102, 10889.0)	(107, 12862.0)	(112, 15208.0)	(117, 20707.0)	(122, 22141.0)	(127, 25800.0)	(132, 48272.0)	(137, 33485.0)	(142, 48411.0)	(147, 30939.0)	(151, 119261.0)
ERR1756139_1	(32, 56555.0)	(37, 41615.0)	(42, 24086.0)	(47, 21895.0)	(52, 26786.0)	(57, 34369.0)	(62, 31382.0)	(67, 18158.0)	(72, 18210.0)	(77, 31860.0)	(82, 30647.0)	(87, 29014.0)	(92, 37231.0)	(97, 26926.0)	(102, 36325.0)	(107, 56012.0)	(112, 91295.0)	(117, 104796.0)	(122, 63024.0)	(127, 85999.0)	(132, 163348.0)	(137, 188297.0)	(142, 161005.0)	(147, 103337.0)	(151, 539451.0)
ERR1756139_2	(32, 39070.0)	(37, 20224.0)	(42, 12049.0)	(47, 19710.0)	(52, 23812.0)	(57, 33354.0)	(62, 32286.0)	(67, 29389.0)	(72, 16543.0)	(77, 40980.0)	(82, 31753.0)	(87, 27620.0)	(92, 30633.0)	(97, 29088.0)	(102, 38200.0)	(107, 45127.0)	(112, 61917.0)	(117, 72579.0)	(122, 88582.0)	(127, 88780.0)	(132, 151477.0)	(137, 154186.0)	(142, 172625.0)	(147, 130577.0)	(151, 631062.0)
ERR1756149_1	(32, 26929.0)	(37, 15370.0)	(42, 14579.0)	(47, 9396.0)	(52, 15084.0)	(57, 15180.0)	(62, 11618.0)	(67, 7045.0)	(72, 7111.0)	(77, 11342.0)	(82, 12275.0)	(87, 11421.0)	(92, 11687.0)	(97, 12129.0)	(102, 15730.0)	(107, 24367.0)	(112, 33305.0)	(117, 37442.0)	(122, 22785.0)	(127, 22662.0)	(132, 50281.0)	(137, 43347.0)	(142, 32596.0)	(147, 29497.0)	(151, 103970.0)
ERR1756149_2	(32, 13506.0)	(37, 9729.0)	(42, 7649.0)	(47, 10477.0)	(52, 11290.0)	(57, 12836.0)	(62, 11661.0)	(67, 8385.0)	(72, 6827.0)	(77, 14060.0)	(82, 11477.0)	(87, 9477.0)	(92, 8725.0)	(97, 9598.0)	(102, 11684.0)	(107, 14812.0)	(112, 17619.0)	(117, 20705.0)	(122, 24003.0)	(127, 25893.0)	(132, 54248.0)	(137, 46834.0)	(142, 47821.0)	(147, 43572.0)	(151, 144260.0)
ERR1756161_1	(32, 51973.0)	(37, 29615.0)	(42, 27180.0)	(47, 22408.0)	(52, 29144.0)	(57, 26044.0)	(62, 18914.0)	(67, 12030.0)	(72, 13665.0)	(77, 19831.0)	(82, 18242.0)	(87, 20018.0)	(92, 22683.0)	(97, 21727.0)	(102, 26733.0)	(107, 40150.0)	(112, 51573.0)	(117, 72391.0)	(122, 61976.0)	(127, 62576.0)	(132, 161237.0)	(137, 82205.0)	(142, 98306.0)	(147, 82371.0)	(151, 420206.0)
ERR1756161_2	(32, 28791.0)	(37, 15669.0)	(42, 11151.0)	(47, 14364.0)	(52, 18591.0)	(57, 23199.0)	(62, 18764.0)	(67, 18299.0)	(72, 16174.0)	(77, 26731.0)	(82, 21283.0)	(87, 19731.0)	(92, 20010.0)	(97, 21734.0)	(102, 25913.0)	(107, 31290.0)	(112, 35683.0)	(117, 46890.0)	(122, 54335.0)	(127, 58595.0)	(132, 164765.0)	(137, 75202.0)	(142, 113690.0)	(147, 98490.0)	(151, 513854.0)
ERR1756162_1	(32, 39391.0)	(37, 24188.0)	(42, 15634.0)	(47, 11098.0)	(52, 21601.0)	(57, 26915.0)	(62, 15291.0)	(67, 12446.0)	(72, 10307.0)	(77, 22427.0)	(82, 18028.0)	(87, 16544.0)	(92, 16828.0)	(97, 18606.0)	(102, 21911.0)	(107, 30535.0)	(112, 44630.0)	(117, 54975.0)	(122, 33081.0)	(127, 30239.0)	(132, 51971.0)	(137, 53986.0)	(142, 42320.0)	(147, 34721.0)	(151, 236342.0)
ERR1756162_2	(32, 34473.0)	(37, 21063.0)	(42, 11474.0)	(47, 15567.0)	(52, 16108.0)	(57, 24625.0)	(62, 17509.0)	(67, 13215.0)	(72, 11297.0)	(77, 26975.0)	(82, 18805.0)	(87, 13517.0)	(92, 13652.0)	(97, 13892.0)	(102, 17906.0)	(107, 21509.0)	(112, 26338.0)	(117, 31267.0)	(122, 38035.0)	(127, 38224.0)	(132, 51595.0)	(137, 67515.0)	(142, 66283.0)	(147, 59892.0)	(151, 233279.0)
ERR1756165_1	(32, 27473.0)	(37, 17496.0)	(42, 14471.0)	(47, 12190.0)	(52, 13038.0)	(57, 13842.0)	(62, 12116.0)	(67, 9451.0)	(72, 9662.0)	(77, 16009.0)	(82, 15205.0)	(87, 13187.0)	(92, 13653.0)	(97, 14112.0)	(102, 16123.0)	(107, 19673.0)	(112, 27912.0)	(117, 35847.0)	(122, 31753.0)	(127, 34004.0)	(132, 57425.0)	(137, 54959.0)	(142, 56202.0)	(147, 59130.0)	(151, 232389.0)
ERR1756165_2	(32, 15449.0)	(37, 10372.0)	(42, 7347.0)	(47, 14095.0)	(52, 11069.0)	(57, 15821.0)	(62, 12325.0)	(67, 9805.0)	(72, 8494.0)	(77, 18450.0)	(82, 14340.0)	(87, 12185.0)	(92, 12326.0)	(97, 11996.0)	(102, 13192.0)	(107, 17023.0)	(112, 21489.0)	(117, 25976.0)	(122, 31620.0)	(127, 35888.0)	(132, 57192.0)	(137, 57298.0)	(142, 68132.0)	(147, 69858.0)	(151, 255580.0)
ERR1756169_1	(32, 44551.0)	(37, 29416.0)	(42, 12877.0)	(47, 13073.0)	(52, 21629.0)	(57, 22125.0)	(62, 20845.0)	(67, 16004.0)	(72, 17942.0)	(77, 22906.0)	(82, 22034.0)	(87, 24050.0)	(92, 28039.0)	(97, 28389.0)	(102, 33705.0)	(107, 56703.0)	(112, 73071.0)	(117, 92772.0)	(122, 94022.0)	(127, 133694.0)	(132, 208629.0)	(137, 154258.0)	(142, 149477.0)	(147, 159201.0)	(151, 386813.0)
ERR1756169_2	(32, 26272.0)	(37, 15485.0)	(42, 7096.0)	(47, 14093.0)	(52, 15946.0)	(57, 21300.0)	(62, 32470.0)	(67, 17333.0)	(72, 14764.0)	(77, 25813.0)	(82, 23407.0)	(87, 23955.0)	(92, 26995.0)	(97, 31190.0)	(102, 36964.0)	(107, 51742.0)	(112, 63605.0)	(117, 83779.0)	(122, 92525.0)	(127, 106189.0)	(132, 181000.0)	(137, 141855.0)	(142, 172788.0)	(147, 188989.0)	(151, 450670.0)
ERR1756171_1	(32, 60308.0)	(37, 32260.0)	(42, 21804.0)	(47, 15918.0)	(52, 32931.0)	(57, 28861.0)	(62, 18177.0)	(67, 13415.0)	(72, 13160.0)	(77, 23729.0)	(82, 21106.0)	(87, 19653.0)	(92, 21368.0)	(97, 20063.0)	(102, 25739.0)	(107, 33836.0)	(112, 47933.0)	(117, 60459.0)	(122, 46195.0)	(127, 46100.0)	(132, 71843.0)	(137, 86708.0)	(142, 74512.0)	(147, 66226.0)	(151, 267661.0)
ERR1756171_2	(32, 37748.0)	(37, 26511.0)	(42, 14198.0)	(47, 17149.0)	(52, 24119.0)	(57, 24942.0)	(62, 18514.0)	(67, 17013.0)	(72, 12150.0)	(77, 31784.0)	(82, 24931.0)	(87, 17164.0)	(92, 17525.0)	(97, 19528.0)	(102, 24215.0)	(107, 29661.0)	(112, 37477.0)	(117, 41010.0)	(122, 55284.0)	(127, 54272.0)	(132, 62358.0)	(137, 81231.0)	(142, 91434.0)	(147, 86182.0)	(151, 303565.0)
ERR1756182_1	(32, 20909.0)	(37, 31360.0)	(42, 13672.0)	(47, 17157.0)	(52, 32142.0)	(57, 60210.0)	(62, 51197.0)	(67, 58717.0)	(72, 55970.0)	(77, 55962.0)	(82, 52865.0)	(87, 41784.0)	(92, 66359.0)	(97, 59045.0)	(102, 68930.0)	(107, 84036.0)	(112, 119079.0)	(117, 156118.0)	(122, 202406.0)	(127, 175819.0)	(132, 163083.0)	(137, 174668.0)	(142, 136439.0)	(147, 99574.0)	(151, 592939.0)
ERR1756182_2	(32, 22156.0)	(37, 27192.0)	(42, 18929.0)	(47, 20776.0)	(52, 26680.0)	(57, 56098.0)	(62, 51403.0)	(67, 59751.0)	(72, 59744.0)	(77, 66723.0)	(82, 66498.0)	(87, 59876.0)	(92, 92587.0)	(97, 80029.0)	(102, 94474.0)	(107, 114202.0)	(112, 140352.0)	(117, 168299.0)	(122, 219945.0)	(127, 164256.0)	(132, 171945.0)	(137, 203079.0)	(142, 164312.0)	(147, 90902.0)	(151, 350232.0)
ERR1756183_1	(32, 46605.0)	(37, 32764.0)	(42, 14798.0)	(47, 17422.0)	(52, 22446.0)	(57, 26452.0)	(62, 22030.0)	(67, 12456.0)	(72, 13655.0)	(77, 24844.0)	(82, 22565.0)	(87, 22874.0)	(92, 23443.0)	(97, 18804.0)	(102, 25361.0)	(107, 42049.0)	(112, 71323.0)	(117, 73244.0)	(122, 50487.0)	(127, 68012.0)	(132, 110430.0)	(137, 153265.0)	(142, 103470.0)	(147, 91020.0)	(151, 467579.0)
ERR1756183_2	(32, 33492.0)	(37, 16398.0)	(42, 7483.0)	(47, 15208.0)	(52, 18104.0)	(57, 26302.0)	(62, 23270.0)	(67, 19583.0)	(72, 11156.0)	(77, 31224.0)	(82, 22961.0)	(87, 19640.0)	(92, 19300.0)	(97, 18739.0)	(102, 23644.0)	(107, 32688.0)	(112, 46047.0)	(117, 48719.0)	(122, 69429.0)	(127, 69160.0)	(132, 97949.0)	(137, 123647.0)	(142, 120627.0)	(147, 118947.0)	(151, 543681.0)
ERR1756186_1	(32, 43970.0)	(37, 24281.0)	(42, 16468.0)	(47, 9182.0)	(52, 20862.0)	(57, 33188.0)	(62, 23857.0)	(67, 13167.0)	(72, 11376.0)	(77, 19374.0)	(82, 19613.0)	(87, 21707.0)	(92, 24857.0)	(97, 20778.0)	(102, 28170.0)	(107, 50702.0)	(112, 76874.0)	(117, 88637.0)	(122, 53850.0)	(127, 81824.0)	(132, 99217.0)	(137, 148332.0)	(142, 82901.0)	(147, 72610.0)	(151, 358233.0)
ERR1756186_2	(32, 23573.0)	(37, 19927.0)	(42, 10764.0)	(47, 14501.0)	(52, 19700.0)	(57, 28660.0)	(62, 27217.0)	(67, 21856.0)	(72, 14713.0)	(77, 32785.0)	(82, 32238.0)	(87, 30218.0)	(92, 31318.0)	(97, 31595.0)	(102, 41216.0)	(107, 54112.0)	(112, 75926.0)	(117, 87185.0)	(122, 105899.0)	(127, 108616.0)	(132, 85538.0)	(137, 150204.0)	(142, 90178.0)	(147, 81445.0)	(151, 224646.0)
ERR1756192_1	(32, 15352.0)	(37, 10964.0)	(42, 9618.0)	(47, 6960.0)	(52, 8238.0)	(57, 8678.0)	(62, 8063.0)	(67, 6538.0)	(72, 6332.0)	(77, 10681.0)	(82, 9604.0)	(87, 15647.0)	(92, 10314.0)	(97, 9838.0)	(102, 9913.0)	(107, 11681.0)	(112, 16694.0)	(117, 19856.0)	(122, 18143.0)	(127, 21608.0)	(132, 36715.0)	(137, 29232.0)	(142, 35091.0)	(147, 30382.0)	(151, 115362.0)
ERR1756192_2	(32, 28998.0)	(37, 6236.0)	(42, 5237.0)	(47, 7583.0)	(52, 6654.0)	(57, 10374.0)	(62, 9399.0)	(67, 7748.0)	(72, 6803.0)	(77, 13332.0)	(82, 10266.0)	(87, 10005.0)	(92, 10706.0)	(97, 11342.0)	(102, 9216.0)	(107, 10530.0)	(112, 13881.0)	(117, 17595.0)	(122, 22420.0)	(127, 24993.0)	(132, 32652.0)	(137, 23973.0)	(142, 31464.0)	(147, 30757.0)	(151, 119340.0)
ERR1756203_1	(32, 35500.0)	(37, 24264.0)	(42, 20892.0)	(47, 10580.0)	(52, 18398.0)	(57, 27492.0)	(62, 18046.0)	(67, 10377.0)	(72, 10070.0)	(77, 20801.0)	(82, 20025.0)	(87, 21482.0)	(92, 23668.0)	(97, 22405.0)	(102, 29112.0)	(107, 50021.0)	(112, 79601.0)	(117, 70151.0)	(122, 36619.0)	(127, 50860.0)	(132, 70754.0)	(137, 82726.0)	(142, 66954.0)	(147, 33705.0)	(151, 238232.0)
ERR1756203_2	(32, 16018.0)	(37, 20725.0)	(42, 17280.0)	(47, 17386.0)	(52, 21213.0)	(57, 28682.0)	(62, 24173.0)	(67, 17035.0)	(72, 15776.0)	(77, 33156.0)	(82, 25854.0)	(87, 26321.0)	(92, 26118.0)	(97, 24073.0)	(102, 31384.0)	(107, 45950.0)	(112, 71226.0)	(117, 73931.0)	(122, 80250.0)	(127, 80161.0)	(132, 58924.0)	(137, 95410.0)	(142, 64875.0)	(147, 39498.0)	(151, 137316.0)
ERR1756219_1	(32, 67080.0)	(37, 28380.0)	(42, 17476.0)	(47, 14948.0)	(52, 39333.0)	(57, 29851.0)	(62, 17819.0)	(67, 12792.0)	(72, 13820.0)	(77, 26527.0)	(82, 22892.0)	(87, 22359.0)	(92, 23013.0)	(97, 22165.0)	(102, 28784.0)	(107, 43679.0)	(112, 60340.0)	(117, 62679.0)	(122, 48066.0)	(127, 53908.0)	(132, 73151.0)	(137, 106602.0)	(142, 65067.0)	(147, 69615.0)	(151, 319782.0)
ERR1756219_2	(32, 38632.0)	(37, 27481.0)	(42, 12974.0)	(47, 16943.0)	(52, 24012.0)	(57, 28645.0)	(62, 21515.0)	(67, 16567.0)	(72, 13640.0)	(77, 35798.0)	(82, 24131.0)	(87, 18860.0)	(92, 20209.0)	(97, 20437.0)	(102, 23019.0)	(107, 32664.0)	(112, 41854.0)	(117, 42014.0)	(122, 63469.0)	(127, 60231.0)	(132, 55676.0)	(137, 100852.0)	(142, 92550.0)	(147, 104566.0)	(151, 353389.0)
ERR1756220_1	(32, 19946.0)	(37, 29766.0)	(42, 13697.0)	(47, 15982.0)	(52, 28756.0)	(57, 65778.0)	(62, 38810.0)	(67, 41375.0)	(72, 43346.0)	(77, 54351.0)	(82, 52997.0)	(87, 46109.0)	(92, 65441.0)	(97, 59753.0)	(102, 64508.0)	(107, 82862.0)	(112, 119251.0)	(117, 149760.0)	(122, 210698.0)	(127, 192492.0)	(132, 176263.0)	(137, 186186.0)	(142, 140491.0)	(147, 104788.0)	(151, 551177.0)
ERR1756220_2	(32, 18773.0)	(37, 24609.0)	(42, 17756.0)	(47, 18736.0)	(52, 25757.0)	(57, 57891.0)	(62, 40912.0)	(67, 44384.0)	(72, 46766.0)	(77, 64045.0)	(82, 62483.0)	(87, 61640.0)	(92, 88708.0)	(97, 81134.0)	(102, 87703.0)	(107, 110745.0)	(112, 139804.0)	(117, 166730.0)	(122, 223771.0)	(127, 180557.0)	(132, 173944.0)	(137, 210686.0)	(142, 169349.0)	(147, 95743.0)	(151, 341957.0)
ERR1756221_1	(32, 17996.0)	(37, 20771.0)	(42, 13088.0)	(47, 18604.0)	(52, 17473.0)	(57, 31799.0)	(62, 32100.0)	(67, 46985.0)	(72, 50231.0)	(77, 45772.0)	(82, 40625.0)	(87, 40496.0)	(92, 68505.0)	(97, 65326.0)	(102, 77671.0)	(107, 82284.0)	(112, 95768.0)	(117, 148597.0)	(122, 165805.0)	(127, 157998.0)	(132, 237910.0)	(137, 152697.0)	(142, 170525.0)	(147, 102605.0)	(151, 561001.0)
ERR1756221_2	(32, 17634.0)	(37, 20135.0)	(42, 15580.0)	(47, 21089.0)	(52, 15138.0)	(57, 32278.0)	(62, 35872.0)	(67, 49581.0)	(72, 54539.0)	(77, 56132.0)	(82, 57322.0)	(87, 58476.0)	(92, 89579.0)	(97, 89218.0)	(102, 98439.0)	(107, 105575.0)	(112, 115328.0)	(117, 166734.0)	(122, 188693.0)	(127, 163267.0)	(132, 219078.0)	(137, 169884.0)	(142, 173033.0)	(147, 91222.0)	(151, 358806.0)
ERR1756224_1	(32, 21683.0)	(37, 13846.0)	(42, 9021.0)	(47, 6606.0)	(52, 13785.0)	(57, 14564.0)	(62, 10279.0)	(67, 5640.0)	(72, 7151.0)	(77, 10797.0)	(82, 9728.0)	(87, 8648.0)	(92, 10749.0)	(97, 10854.0)	(102, 13783.0)	(107, 20006.0)	(112, 28899.0)	(117, 32677.0)	(122, 22506.0)	(127, 26046.0)	(132, 34865.0)	(137, 40626.0)	(142, 34652.0)	(147, 34270.0)	(151, 167485.0)
ERR1756224_2	(32, 12212.0)	(37, 9636.0)	(42, 4747.0)	(47, 9050.0)	(52, 10212.0)	(57, 13352.0)	(62, 11212.0)	(67, 8517.0)	(72, 7831.0)	(77, 14799.0)	(82, 10616.0)	(87, 9263.0)	(92, 9081.0)	(97, 8898.0)	(102, 10477.0)	(107, 14116.0)	(112, 18205.0)	(117, 18517.0)	(122, 24284.0)	(127, 25214.0)	(132, 34793.0)	(137, 39040.0)	(142, 42962.0)	(147, 50221.0)	(151, 191911.0)
ERR1756228_1	(32, 35034.0)	(37, 21948.0)	(42, 14162.0)	(47, 12306.0)	(52, 20686.0)	(57, 22658.0)	(62, 20133.0)	(67, 8551.0)	(72, 9685.0)	(77, 20148.0)	(82, 18517.0)	(87, 18185.0)	(92, 18542.0)	(97, 21410.0)	(102, 24776.0)	(107, 33394.0)	(112, 48185.0)	(117, 52800.0)	(122, 43692.0)	(127, 48124.0)	(132, 77930.0)	(137, 84930.0)	(142, 51100.0)	(147, 47160.0)	(151, 239677.0)
ERR1756228_2	(32, 24912.0)	(37, 12522.0)	(42, 8362.0)	(47, 13655.0)	(52, 15399.0)	(57, 22222.0)	(62, 19645.0)	(67, 14250.0)	(72, 9243.0)	(77, 23502.0)	(82, 18964.0)	(87, 16225.0)	(92, 17525.0)	(97, 19127.0)	(102, 22595.0)	(107, 28169.0)	(112, 34875.0)	(117, 38604.0)	(122, 54465.0)	(127, 51283.0)	(132, 67366.0)	(137, 82828.0)	(142, 64465.0)	(147, 66768.0)	(151, 266762.0)
ERR1756232_1	(32, 38917.0)	(37, 22116.0)	(42, 13326.0)	(47, 12993.0)	(52, 22512.0)	(57, 25945.0)	(62, 19861.0)	(67, 8591.0)	(72, 9632.0)	(77, 21580.0)	(82, 19468.0)	(87, 17305.0)	(92, 18975.0)	(97, 19457.0)	(102, 24633.0)	(107, 32825.0)	(112, 47980.0)	(117, 52428.0)	(122, 44033.0)	(127, 50101.0)	(132, 64733.0)	(137, 90412.0)	(142, 54011.0)	(147, 54342.0)	(151, 301423.0)
ERR1756232_2	(32, 27138.0)	(37, 12958.0)	(42, 8386.0)	(47, 14898.0)	(52, 16706.0)	(57, 24154.0)	(62, 20939.0)	(67, 14169.0)	(72, 9157.0)	(77, 25440.0)	(82, 20054.0)	(87, 16379.0)	(92, 17525.0)	(97, 17808.0)	(102, 21610.0)	(107, 27992.0)	(112, 33468.0)	(117, 36372.0)	(122, 53089.0)	(127, 53572.0)	(132, 53866.0)	(137, 89651.0)	(142, 65976.0)	(147, 80087.0)	(151, 326205.0)
ERR1756234_1	(32, 20570.0)	(37, 18532.0)	(42, 14546.0)	(47, 18320.0)	(52, 22594.0)	(57, 33678.0)	(62, 33273.0)	(67, 28902.0)	(72, 29506.0)	(77, 35142.0)	(82, 31318.0)	(87, 31917.0)	(92, 42832.0)	(97, 41655.0)	(102, 51073.0)	(107, 63461.0)	(112, 84919.0)	(117, 124132.0)	(122, 130456.0)	(127, 147085.0)	(132, 319687.0)	(137, 230872.0)	(142, 253956.0)	(147, 219140.0)	(151, 956552.0)
ERR1756234_2	(32, 12611.0)	(37, 10209.0)	(42, 10159.0)	(47, 16637.0)	(52, 17993.0)	(57, 33218.0)	(62, 34084.0)	(67, 33973.0)	(72, 25831.0)	(77, 48650.0)	(82, 45139.0)	(87, 46556.0)	(92, 74232.0)	(97, 53051.0)	(102, 67159.0)	(107, 82451.0)	(112, 87939.0)	(117, 124834.0)	(122, 152505.0)	(127, 161285.0)	(132, 279471.0)	(137, 210419.0)	(142, 275639.0)	(147, 208337.0)	(151, 871736.0)
ERR1756237_1	(32, 18948.0)	(37, 12801.0)	(42, 9341.0)	(47, 7638.0)	(52, 8993.0)	(57, 11037.0)	(62, 10192.0)	(67, 6589.0)	(72, 8112.0)	(77, 11907.0)	(82, 10698.0)	(87, 10634.0)	(92, 11946.0)	(97, 11171.0)	(102, 13205.0)	(107, 18105.0)	(112, 26039.0)	(117, 34856.0)	(122, 26334.0)	(127, 26087.0)	(132, 49104.0)	(137, 46361.0)	(142, 35650.0)	(147, 26177.0)	(151, 138245.0)
ERR1756237_2	(32, 16539.0)	(37, 7964.0)	(42, 5646.0)	(47, 8753.0)	(52, 9243.0)	(57, 10465.0)	(62, 11503.0)	(67, 10814.0)	(72, 8390.0)	(77, 13968.0)	(82, 11734.0)	(87, 10921.0)	(92, 11363.0)	(97, 12159.0)	(102, 14828.0)	(107, 17626.0)	(112, 21049.0)	(117, 25481.0)	(122, 33164.0)	(127, 31920.0)	(132, 46533.0)	(137, 45098.0)	(142, 42517.0)	(147, 32373.0)	(151, 130119.0)
ERR1756243_1	(32, 53438.0)	(37, 22328.0)	(42, 18001.0)	(47, 12258.0)	(52, 23015.0)	(57, 24283.0)	(62, 14673.0)	(67, 7485.0)	(72, 8397.0)	(77, 16963.0)	(82, 15891.0)	(87, 17290.0)	(92, 16756.0)	(97, 13068.0)	(102, 20141.0)	(107, 36903.0)	(112, 58493.0)	(117, 56441.0)	(122, 38492.0)	(127, 53668.0)	(132, 59216.0)	(137, 113651.0)	(142, 95697.0)	(147, 93186.0)	(151, 233381.0)
ERR1756243_2	(32, 25972.0)	(37, 25105.0)	(42, 7107.0)	(47, 14966.0)	(52, 16001.0)	(57, 22076.0)	(62, 17470.0)	(67, 12181.0)	(72, 10979.0)	(77, 28435.0)	(82, 18169.0)	(87, 15450.0)	(92, 14349.0)	(97, 14684.0)	(102, 17635.0)	(107, 25268.0)	(112, 34914.0)	(117, 35996.0)	(122, 39033.0)	(127, 44899.0)	(132, 58187.0)	(137, 110910.0)	(142, 110678.0)	(147, 111322.0)	(151, 291329.0)
ERR1756246_1	(32, 109976.0)	(37, 63176.0)	(42, 22095.0)	(47, 23327.0)	(52, 42185.0)	(57, 59808.0)	(62, 44221.0)	(67, 28163.0)	(72, 32740.0)	(77, 50813.0)	(82, 42914.0)	(87, 44291.0)	(92, 52335.0)	(97, 47114.0)	(102, 61941.0)	(107, 105146.0)	(112, 158630.0)	(117, 177100.0)	(122, 148546.0)	(127, 177493.0)	(132, 249783.0)	(137, 373820.0)	(142, 263715.0)	(147, 282574.0)	(151, 930540.0)
ERR1756246_2	(32, 55742.0)	(37, 34074.0)	(42, 15882.0)	(47, 29625.0)	(52, 34031.0)	(57, 61989.0)	(62, 51973.0)	(67, 41259.0)	(72, 36846.0)	(77, 74988.0)	(82, 51473.0)	(87, 45939.0)	(92, 47777.0)	(97, 47737.0)	(102, 55305.0)	(107, 81499.0)	(112, 120079.0)	(117, 126813.0)	(122, 184091.0)	(127, 165680.0)	(132, 205992.0)	(137, 301740.0)	(142, 276932.0)	(147, 347057.0)	(151, 1097923.0)
ERR1756249_1	(32, 41240.0)	(37, 19976.0)	(42, 14584.0)	(47, 15380.0)	(52, 23851.0)	(57, 23711.0)	(62, 18031.0)	(67, 11343.0)	(72, 11781.0)	(77, 21250.0)	(82, 19610.0)	(87, 18694.0)	(92, 20496.0)	(97, 20596.0)	(102, 25429.0)	(107, 35767.0)	(112, 52735.0)	(117, 57967.0)	(122, 44531.0)	(127, 51694.0)	(132, 67957.0)	(137, 92211.0)	(142, 63150.0)	(147, 68895.0)	(151, 231544.0)
ERR1756249_2	(32, 28629.0)	(37, 14004.0)	(42, 9181.0)	(47, 15539.0)	(52, 16883.0)	(57, 24528.0)	(62, 21209.0)	(67, 16062.0)	(72, 10713.0)	(77, 29221.0)	(82, 23675.0)	(87, 19176.0)	(92, 21438.0)	(97, 22576.0)	(102, 26826.0)	(107, 36624.0)	(112, 49073.0)	(117, 46104.0)	(122, 65677.0)	(127, 64218.0)	(132, 61468.0)	(137, 97686.0)	(142, 75014.0)	(147, 74904.0)	(151, 201995.0)
ERR1756250_1	(32, 18556.0)	(37, 11631.0)	(42, 8741.0)	(47, 7818.0)	(52, 9264.0)	(57, 10747.0)	(62, 8537.0)	(67, 5620.0)	(72, 6847.0)	(77, 9979.0)	(82, 9564.0)	(87, 9779.0)	(92, 10788.0)	(97, 10180.0)	(102, 11825.0)	(107, 17308.0)	(112, 23463.0)	(117, 32524.0)	(122, 25124.0)	(127, 23169.0)	(132, 57023.0)	(137, 36649.0)	(142, 32993.0)	(147, 25550.0)	(151, 132086.0)
ERR1756250_2	(32, 16614.0)	(37, 7918.0)	(42, 5261.0)	(47, 8294.0)	(52, 9525.0)	(57, 9505.0)	(62, 9133.0)	(67, 8265.0)	(72, 6451.0)	(77, 12329.0)	(82, 10497.0)	(87, 9835.0)	(92, 10255.0)	(97, 10986.0)	(102, 13121.0)	(107, 16956.0)	(112, 19101.0)	(117, 24159.0)	(122, 30269.0)	(127, 29925.0)	(132, 54687.0)	(137, 37612.0)	(142, 37587.0)	(147, 32364.0)	(151, 125116.0)
ERR1756254_1	(32, 28289.0)	(37, 19418.0)	(42, 14329.0)	(47, 8935.0)	(52, 15187.0)	(57, 19394.0)	(62, 12858.0)	(67, 9942.0)	(72, 9481.0)	(77, 17288.0)	(82, 15120.0)	(87, 13319.0)	(92, 15137.0)	(97, 16452.0)	(102, 17468.0)	(107, 22886.0)	(112, 31741.0)	(117, 38143.0)	(122, 29412.0)	(127, 29289.0)	(132, 47959.0)	(137, 51707.0)	(142, 54025.0)	(147, 40466.0)	(151, 227293.0)
ERR1756254_2	(32, 21694.0)	(37, 15031.0)	(42, 8003.0)	(47, 10558.0)	(52, 13398.0)	(57, 15963.0)	(62, 12855.0)	(67, 10572.0)	(72, 8085.0)	(77, 18896.0)	(82, 14203.0)	(87, 12078.0)	(92, 13290.0)	(97, 14693.0)	(102, 16354.0)	(107, 19987.0)	(112, 23588.0)	(117, 27981.0)	(122, 35616.0)	(127, 36571.0)	(132, 47338.0)	(137, 54570.0)	(142, 63488.0)	(147, 49386.0)	(151, 241340.0)
ERR1756258_1	(32, 44328.0)	(37, 27860.0)	(42, 21829.0)	(47, 12888.0)	(52, 23454.0)	(57, 19211.0)	(62, 15509.0)	(67, 11985.0)	(72, 10946.0)	(77, 18574.0)	(82, 17777.0)	(87, 17888.0)	(92, 22081.0)	(97, 20955.0)	(102, 25122.0)	(107, 35253.0)	(112, 51906.0)	(117, 70551.0)	(122, 47231.0)	(127, 56772.0)	(132, 82702.0)	(137, 80570.0)	(142, 90432.0)	(147, 70282.0)	(151, 295145.0)
ERR1756258_2	(32, 22488.0)	(37, 17447.0)	(42, 10097.0)	(47, 15869.0)	(52, 17563.0)	(57, 21165.0)	(62, 19878.0)	(67, 17366.0)	(72, 13263.0)	(77, 28257.0)	(82, 21273.0)	(87, 18343.0)	(92, 17976.0)	(97, 19706.0)	(102, 23171.0)	(107, 29638.0)	(112, 34695.0)	(117, 39970.0)	(122, 43745.0)	(127, 48375.0)	(132, 76589.0)	(137, 76779.0)	(142, 117056.0)	(147, 90927.0)	(151, 349615.0)
ERR1756259_1	(32, 44442.0)	(37, 24365.0)	(42, 23016.0)	(47, 16778.0)	(52, 25089.0)	(57, 21870.0)	(62, 21564.0)	(67, 13641.0)	(72, 12156.0)	(77, 22500.0)	(82, 22676.0)	(87, 23122.0)	(92, 23383.0)	(97, 28387.0)	(102, 32176.0)	(107, 45766.0)	(112, 65342.0)	(117, 73546.0)	(122, 57541.0)	(127, 67691.0)	(132, 94210.0)	(137, 105181.0)	(142, 58046.0)	(147, 52872.0)	(151, 144533.0)
ERR1756259_2	(32, 24674.0)	(37, 16039.0)	(42, 13851.0)	(47, 18544.0)	(52, 19438.0)	(57, 28982.0)	(62, 25400.0)	(67, 19031.0)	(72, 11219.0)	(77, 29315.0)	(82, 25281.0)	(87, 23340.0)	(92, 24367.0)	(97, 29223.0)	(102, 35531.0)	(107, 50082.0)	(112, 65572.0)	(117, 60368.0)	(122, 84656.0)	(127, 73091.0)	(132, 80545.0)	(137, 117051.0)	(142, 69019.0)	(147, 50986.0)	(151, 124288.0)
ERR1756270_1	(32, 31951.0)	(37, 22723.0)	(42, 10184.0)	(47, 14212.0)	(52, 24363.0)	(57, 24604.0)	(62, 21209.0)	(67, 16967.0)	(72, 18411.0)	(77, 27025.0)	(82, 23654.0)	(87, 25336.0)	(92, 30595.0)	(97, 28343.0)	(102, 34245.0)	(107, 51327.0)	(112, 67465.0)	(117, 90725.0)	(122, 101264.0)	(127, 144200.0)	(132, 158455.0)	(137, 155377.0)	(142, 167170.0)	(147, 164080.0)	(151, 372765.0)
ERR1756270_2	(32, 39844.0)	(37, 14528.0)	(42, 6588.0)	(47, 15163.0)	(52, 17246.0)	(57, 26509.0)	(62, 20968.0)	(67, 19117.0)	(72, 17766.0)	(77, 29950.0)	(82, 25163.0)	(87, 27783.0)	(92, 33482.0)	(97, 32928.0)	(102, 38495.0)	(107, 55533.0)	(112, 71973.0)	(117, 96140.0)	(122, 108146.0)	(127, 114287.0)	(132, 136703.0)	(137, 145047.0)	(142, 172153.0)	(147, 168485.0)	(151, 392653.0)
ERR1756280_1	(32, 38014.0)	(37, 25899.0)	(42, 11929.0)	(47, 15832.0)	(52, 25760.0)	(57, 25980.0)	(62, 22037.0)	(67, 30103.0)	(72, 20882.0)	(77, 26829.0)	(82, 23023.0)	(87, 25299.0)	(92, 29813.0)	(97, 28503.0)	(102, 34696.0)	(107, 52525.0)	(112, 68248.0)	(117, 91264.0)	(122, 102737.0)	(127, 146410.0)	(132, 189699.0)	(137, 162299.0)	(142, 183357.0)	(147, 178242.0)	(151, 441302.0)
ERR1756280_2	(32, 46009.0)	(37, 13264.0)	(42, 6768.0)	(47, 15583.0)	(52, 17491.0)	(57, 25854.0)	(62, 20733.0)	(67, 31934.0)	(72, 21351.0)	(77, 29037.0)	(82, 24537.0)	(87, 27118.0)	(92, 32501.0)	(97, 32909.0)	(102, 38814.0)	(107, 56452.0)	(112, 75384.0)	(117, 96000.0)	(122, 112500.0)	(127, 116600.0)	(132, 163414.0)	(137, 154808.0)	(142, 191309.0)	(147, 183971.0)	(151, 466341.0)
ERR1756293_1	(32, 4347.0)	(37, 3127.0)	(42, 2374.0)	(47, 2241.0)	(52, 3467.0)	(57, 3500.0)	(62, 2084.0)	(67, 1542.0)	(72, 1799.0)	(77, 3078.0)	(82, 2733.0)	(87, 2479.0)	(92, 2451.0)	(97, 2664.0)	(102, 2930.0)	(107, 3712.0)	(112, 4938.0)	(117, 7235.0)	(122, 5703.0)	(127, 5901.0)	(132, 9354.0)	(137, 10344.0)	(142, 12077.0)	(147, 11528.0)	(151, 69982.0)
ERR1756293_2	(32, 3243.0)	(37, 2591.0)	(42, 1546.0)	(47, 2103.0)	(52, 2518.0)	(57, 3123.0)	(62, 2225.0)	(67, 1847.0)	(72, 1868.0)	(77, 3609.0)	(82, 2746.0)	(87, 2462.0)	(92, 2834.0)	(97, 2589.0)	(102, 2723.0)	(107, 3641.0)	(112, 12446.0)	(117, 5316.0)	(122, 5369.0)	(127, 5761.0)	(132, 7618.0)	(137, 8939.0)	(142, 11739.0)	(147, 12672.0)	(151, 70062.0)
ERR1756296_1	(32, 35080.0)	(37, 21541.0)	(42, 21123.0)	(47, 13515.0)	(52, 18635.0)	(57, 16525.0)	(62, 16196.0)	(67, 10633.0)	(72, 9493.0)	(77, 15833.0)	(82, 16501.0)	(87, 18619.0)	(92, 17774.0)	(97, 20685.0)	(102, 23561.0)	(107, 36635.0)	(112, 51548.0)	(117, 62987.0)	(122, 49063.0)	(127, 50847.0)	(132, 86261.0)	(137, 79811.0)	(142, 45465.0)	(147, 32854.0)	(151, 101053.0)
ERR1756296_2	(32, 19241.0)	(37, 13174.0)	(42, 11849.0)	(47, 16258.0)	(52, 16349.0)	(57, 20640.0)	(62, 18325.0)	(67, 13870.0)	(72, 9444.0)	(77, 21273.0)	(82, 19024.0)	(87, 17672.0)	(92, 18338.0)	(97, 22297.0)	(102, 27559.0)	(107, 40143.0)	(112, 50326.0)	(117, 51535.0)	(122, 66954.0)	(127, 55185.0)	(132, 74564.0)	(137, 84332.0)	(142, 53663.0)	(147, 35374.0)	(151, 94849.0)
ERR1756297_1	(32, 80749.0)	(37, 60415.0)	(42, 38866.0)	(47, 27394.0)	(52, 41000.0)	(57, 37164.0)	(62, 40246.0)	(67, 15552.0)	(72, 22477.0)	(77, 39232.0)	(82, 39907.0)	(87, 41677.0)	(92, 51947.0)	(97, 39701.0)	(102, 54551.0)	(107, 105242.0)	(112, 135787.0)	(117, 165321.0)	(122, 133545.0)	(127, 137380.0)	(132, 256814.0)	(137, 229486.0)	(142, 162659.0)	(147, 135631.0)	(151, 485410.0)
ERR1756297_2	(32, 44256.0)	(37, 22988.0)	(42, 19237.0)	(47, 32984.0)	(52, 31441.0)	(57, 41327.0)	(62, 46834.0)	(67, 31790.0)	(72, 21840.0)	(77, 52564.0)	(82, 46009.0)	(87, 44395.0)	(92, 44948.0)	(97, 46169.0)	(102, 58353.0)	(107, 82713.0)	(112, 101814.0)	(117, 121317.0)	(122, 153345.0)	(127, 138990.0)	(132, 244477.0)	(137, 194145.0)	(142, 182353.0)	(147, 160691.0)	(151, 613173.0)
ERR1756300_1	(32, 16845.0)	(37, 10782.0)	(42, 11100.0)	(47, 7152.0)	(52, 8051.0)	(57, 8525.0)	(62, 8124.0)	(67, 5943.0)	(72, 5730.0)	(77, 9133.0)	(82, 8715.0)	(87, 15515.0)	(92, 8570.0)	(97, 9744.0)	(102, 11369.0)	(107, 13728.0)	(112, 16839.0)	(117, 21794.0)	(122, 20438.0)	(127, 21887.0)	(132, 55967.0)	(137, 38045.0)	(142, 33538.0)	(147, 28198.0)	(151, 104653.0)
ERR1756300_2	(32, 30547.0)	(37, 6871.0)	(42, 5704.0)	(47, 6840.0)	(52, 6801.0)	(57, 8657.0)	(62, 7444.0)	(67, 7093.0)	(72, 5672.0)	(77, 10755.0)	(82, 9860.0)	(87, 9115.0)	(92, 9092.0)	(97, 11309.0)	(102, 10501.0)	(107, 12044.0)	(112, 13332.0)	(117, 17654.0)	(122, 21634.0)	(127, 24610.0)	(132, 52065.0)	(137, 36364.0)	(142, 34701.0)	(147, 27406.0)	(151, 114314.0)
ERR1756304_1	(32, 11275.0)	(37, 14011.0)	(42, 7753.0)	(47, 9454.0)	(52, 9125.0)	(57, 23632.0)	(62, 21481.0)	(67, 18243.0)	(72, 17748.0)	(77, 25837.0)	(82, 21897.0)	(87, 19714.0)	(92, 24516.0)	(97, 27280.0)	(102, 29730.0)	(107, 38263.0)	(112, 49517.0)	(117, 71371.0)	(122, 78171.0)	(127, 99509.0)	(132, 181963.0)	(137, 139838.0)	(142, 189004.0)	(147, 137465.0)	(151, 700283.0)
ERR1756304_2	(32, 5441.0)	(37, 5940.0)	(42, 5780.0)	(47, 7553.0)	(52, 6656.0)	(57, 18065.0)	(62, 18048.0)	(67, 17918.0)	(72, 14847.0)	(77, 29685.0)	(82, 24091.0)	(87, 21709.0)	(92, 25768.0)	(97, 29826.0)	(102, 35931.0)	(107, 39614.0)	(112, 43064.0)	(117, 68782.0)	(122, 93170.0)	(127, 102056.0)	(132, 173611.0)	(137, 129190.0)	(142, 172796.0)	(147, 140808.0)	(151, 736731.0)
ERR1756317_1	(32, 20199.0)	(37, 14512.0)	(42, 9474.0)	(47, 5942.0)	(52, 11729.0)	(57, 15084.0)	(62, 8907.0)	(67, 5809.0)	(72, 6779.0)	(77, 11947.0)	(82, 10466.0)	(87, 9123.0)	(92, 9663.0)	(97, 10261.0)	(102, 12539.0)	(107, 17391.0)	(112, 25540.0)	(117, 35565.0)	(122, 24697.0)	(127, 23986.0)	(132, 35526.0)	(137, 39624.0)	(142, 32219.0)	(147, 34262.0)	(151, 182430.0)
ERR1756317_2	(32, 12833.0)	(37, 10084.0)	(42, 6506.0)	(47, 9235.0)	(52, 9084.0)	(57, 12004.0)	(62, 8896.0)	(67, 7256.0)	(72, 7891.0)	(77, 16538.0)	(82, 11716.0)	(87, 9487.0)	(92, 9368.0)	(97, 9984.0)	(102, 11478.0)	(107, 15116.0)	(112, 18601.0)	(117, 27670.0)	(122, 27167.0)	(127, 30278.0)	(132, 37310.0)	(137, 50485.0)	(142, 48175.0)	(147, 47080.0)	(151, 159432.0)
ERR1756327_1	(32, 54041.0)	(37, 29532.0)	(42, 22299.0)	(47, 22139.0)	(52, 24043.0)	(57, 37106.0)	(62, 27465.0)	(67, 20935.0)	(72, 25154.0)	(77, 28890.0)	(82, 31127.0)	(87, 37755.0)	(92, 41350.0)	(97, 42879.0)	(102, 58451.0)	(107, 86037.0)	(112, 107632.0)	(117, 143688.0)	(122, 139252.0)	(127, 177669.0)	(132, 258522.0)	(137, 199149.0)	(142, 178480.0)	(147, 131286.0)	(151, 271265.0)
ERR1756327_2	(32, 24580.0)	(37, 13430.0)	(42, 8967.0)	(47, 17510.0)	(52, 16477.0)	(57, 23728.0)	(62, 24259.0)	(67, 24347.0)	(72, 20130.0)	(77, 31814.0)	(82, 35199.0)	(87, 42863.0)	(92, 43823.0)	(97, 53335.0)	(102, 75062.0)	(107, 92364.0)	(112, 107352.0)	(117, 134127.0)	(122, 134584.0)	(127, 152278.0)	(132, 226647.0)	(137, 178028.0)	(142, 184104.0)	(147, 177407.0)	(151, 353731.0)
ERR1756353_1	(32, 41218.0)	(37, 15704.0)	(42, 10019.0)	(47, 11124.0)	(52, 14032.0)	(57, 20350.0)	(62, 18762.0)	(67, 15299.0)	(72, 14923.0)	(77, 21175.0)	(82, 19733.0)	(87, 21301.0)	(92, 22594.0)	(97, 21538.0)	(102, 27199.0)	(107, 37107.0)	(112, 47348.0)	(117, 56377.0)	(122, 59191.0)	(127, 75126.0)	(132, 110763.0)	(137, 108370.0)	(142, 99800.0)	(147, 103409.0)	(151, 260222.0)
ERR1756353_2	(32, 23181.0)	(37, 10328.0)	(42, 5632.0)	(47, 10351.0)	(52, 11076.0)	(57, 18929.0)	(62, 15759.0)	(67, 14582.0)	(72, 10701.0)	(77, 24306.0)	(82, 17824.0)	(87, 17773.0)	(92, 17479.0)	(97, 17643.0)	(102, 20453.0)	(107, 28471.0)	(112, 34932.0)	(117, 42008.0)	(122, 54710.0)	(127, 56491.0)	(132, 91118.0)	(137, 85984.0)	(142, 103470.0)	(147, 134678.0)	(151, 384805.0)
ERR1756365_1	(32, 29064.0)	(37, 26680.0)	(42, 17492.0)	(47, 23584.0)	(52, 31473.0)	(57, 44889.0)	(62, 36959.0)	(67, 28478.0)	(72, 28297.0)	(77, 44392.0)	(82, 39407.0)	(87, 36811.0)	(92, 46369.0)	(97, 45641.0)	(102, 50333.0)	(107, 69312.0)	(112, 94341.0)	(117, 132718.0)	(122, 153014.0)	(127, 202500.0)	(132, 378993.0)	(137, 303496.0)	(142, 334720.0)	(147, 346807.0)	(151, 1485067.0)
ERR1756365_2	(32, 16933.0)	(37, 13524.0)	(42, 11397.0)	(47, 19291.0)	(52, 22533.0)	(57, 41817.0)	(62, 34582.0)	(67, 31795.0)	(72, 26081.0)	(77, 60751.0)	(82, 50673.0)	(87, 47824.0)	(92, 87104.0)	(97, 57864.0)	(102, 68693.0)	(107, 94226.0)	(112, 103589.0)	(117, 141583.0)	(122, 178578.0)	(127, 217703.0)	(132, 346400.0)	(137, 289294.0)	(142, 371033.0)	(147, 325381.0)	(151, 1372188.0)
ERR1879918_1	(32, 56451.0)	(37, 40701.0)	(42, 19542.0)	(47, 20463.0)	(52, 24222.0)	(57, 25293.0)	(62, 25668.0)	(67, 21729.0)	(72, 23368.0)	(77, 28549.0)	(82, 31024.0)	(87, 31601.0)	(92, 35520.0)	(97, 42888.0)	(102, 58942.0)	(107, 73024.0)	(112, 101386.0)	(117, 129561.0)	(122, 119731.0)	(127, 172320.0)	(132, 201381.0)	(137, 180927.0)	(142, 208279.0)	(147, 162420.0)	(151, 514746.0)
ERR1879918_2	(32, 28828.0)	(37, 25355.0)	(42, 9630.0)	(47, 14083.0)	(52, 19871.0)	(57, 22510.0)	(62, 38569.0)	(67, 25156.0)	(72, 19979.0)	(77, 33602.0)	(82, 35088.0)	(87, 35398.0)	(92, 37092.0)	(97, 47394.0)	(102, 60531.0)	(107, 66833.0)	(112, 83633.0)	(117, 117527.0)	(122, 118887.0)	(127, 133154.0)	(132, 171622.0)	(137, 183792.0)	(142, 225568.0)	(147, 185323.0)	(151, 610311.0)
ERR562364_1	(151, 2079527.0)																								
ERR562364_2	(151, 2079527.0)																								
ERR562378_1	(151, 2208269.0)																								
ERR562378_2	(151, 2208269.0)																								
ERR562385_1	(151, 2271033.0)																								
ERR562385_2	(151, 2271033.0)																								
ERR562386_1	(151, 2476124.0)																								
ERR562386_2	(151, 2476124.0)																								
ERR562391_1	(151, 2576215.0)																								
ERR562391_2	(151, 2576215.0)																								
ERR562413_1	(151, 2594588.0)																								
ERR562413_2	(151, 2594588.0)																								
ERR562431_1	(151, 2222505.0)																								
ERR562431_2	(151, 2222505.0)																								
ERR562434_1	(151, 2224566.0)																								
ERR562434_2	(151, 2224566.0)																								
ERR562441_1	(151, 1990601.0)																								
ERR562441_2	(151, 1990601.0)																								
ERR562451_1	(32, 59380.0)	(37, 44382.0)	(42, 19790.0)	(47, 16137.0)	(52, 42083.0)	(57, 76340.0)	(62, 37795.0)	(67, 15549.0)	(72, 13565.0)	(77, 25661.0)	(82, 25935.0)	(87, 35653.0)	(92, 44534.0)	(97, 28938.0)	(102, 37202.0)	(107, 77737.0)	(112, 154767.0)	(117, 116873.0)	(122, 81806.0)	(127, 109624.0)	(132, 142600.0)	(137, 259423.0)	(142, 148523.0)	(147, 135648.0)	(151, 651957.0)
ERR562451_2	(32, 25937.0)	(37, 19899.0)	(42, 10592.0)	(47, 18027.0)	(52, 29011.0)	(57, 55042.0)	(62, 36387.0)	(67, 23621.0)	(72, 15934.0)	(77, 42200.0)	(82, 40408.0)	(87, 36868.0)	(92, 39216.0)	(97, 33332.0)	(102, 40995.0)	(107, 64570.0)	(112, 113716.0)	(117, 87603.0)	(122, 109472.0)	(127, 108990.0)	(132, 111461.0)	(137, 259514.0)	(142, 175783.0)	(147, 171966.0)	(151, 731358.0)
ERR562452_1	(151, 2755699.0)																								
ERR562452_2	(151, 2755699.0)																								
ERR562457_1	(151, 2390588.0)																								
ERR562457_2	(151, 2390588.0)																								
ERR562470_1	(151, 816180.0)																								
ERR562470_2	(151, 816180.0)																								
ERR562471_1	(32, 18317.0)	(37, 11280.0)	(42, 10081.0)	(47, 8584.0)	(52, 13777.0)	(57, 13832.0)	(62, 9692.0)	(67, 4930.0)	(72, 5319.0)	(77, 11288.0)	(82, 10444.0)	(87, 10442.0)	(92, 11345.0)	(97, 11360.0)	(102, 13219.0)	(107, 15867.0)	(112, 21873.0)	(117, 20449.0)	(122, 18157.0)	(127, 23014.0)	(132, 24710.0)	(137, 30293.0)	(142, 23023.0)	(147, 21145.0)	(151, 143064.0)
ERR562471_2	(32, 11201.0)	(37, 16274.0)	(42, 6098.0)	(47, 6251.0)	(52, 8775.0)	(57, 11431.0)	(62, 10342.0)	(67, 7226.0)	(72, 6141.0)	(77, 14774.0)	(82, 10352.0)	(87, 8585.0)	(92, 9157.0)	(97, 8758.0)	(102, 9189.0)	(107, 10310.0)	(112, 12571.0)	(117, 14401.0)	(122, 19882.0)	(127, 20814.0)	(132, 18362.0)	(137, 27170.0)	(142, 30254.0)	(147, 36086.0)	(151, 171101.0)
ERR562498_1	(151, 3199567.0)																								
ERR562498_2	(151, 3199567.0)																								
ERR562500_1	(151, 1827168.0)																								
ERR562500_2	(151, 1827168.0)																								
ERR562516_1	(151, 967018.0)																								
ERR562516_2	(151, 967018.0)																								
ERR562517_1	(151, 1786574.0)																								
ERR562517_2	(151, 1786574.0)																								
ERR562530_1	(151, 2034430.0)																								
ERR562530_2	(151, 2034430.0)																								
ERR562532_1	(151, 2265232.0)																								
ERR562532_2	(151, 2265232.0)																								
ERR562542_1	(151, 2987140.0)																								
ERR562542_2	(151, 2987140.0)																								
ERR562549_1	(151, 3549280.0)																								
ERR562549_2	(151, 3549280.0)																								
ERR562551_1	(151, 2186939.0)																								
ERR562551_2	(151, 2186939.0)																								
ERR562561_1	(32, 5917.0)	(37, 2868.0)	(42, 1297.0)	(47, 1544.0)	(52, 2766.0)	(57, 2052.0)	(62, 1879.0)	(67, 1344.0)	(72, 1197.0)	(77, 2029.0)	(82, 1928.0)	(87, 2064.0)	(92, 2336.0)	(97, 2144.0)	(102, 2879.0)	(107, 4202.0)	(112, 6586.0)	(117, 7536.0)	(122, 6003.0)	(127, 6935.0)	(132, 9739.0)	(137, 13015.0)	(142, 12445.0)	(147, 10886.0)	(151, 30539.0)
ERR562561_2	(32, 3343.0)	(37, 1840.0)	(42, 1016.0)	(47, 1435.0)	(52, 1554.0)	(57, 2444.0)	(62, 2385.0)	(67, 2051.0)	(72, 1342.0)	(77, 2617.0)	(82, 2272.0)	(87, 2005.0)	(92, 1980.0)	(97, 2059.0)	(102, 2491.0)	(107, 3503.0)	(112, 4293.0)	(117, 5237.0)	(122, 7014.0)	(127, 7461.0)	(132, 8187.0)	(137, 11797.0)	(142, 10806.0)	(147, 12196.0)	(151, 40802.0)
ERR562566_1	(151, 2617545.0)																								
ERR562566_2	(151, 2617545.0)																								
ERR562585_1	(151, 797465.0)																								
ERR562585_2	(151, 797465.0)																								
ERR562588_1	(151, 3519328.0)																								
ERR562588_2	(151, 3519328.0)																								
ERR562590_1	(151, 2203298.0)																								
ERR562590_2	(151, 2203298.0)																								
ERR562602_1	(32, 3736.0)	(37, 2527.0)	(42, 1497.0)	(47, 2134.0)	(52, 2553.0)	(57, 4626.0)	(62, 3278.0)	(67, 7316.0)	(72, 3718.0)	(77, 4711.0)	(82, 3567.0)	(87, 2909.0)	(92, 3176.0)	(97, 3318.0)	(102, 3775.0)	(107, 4734.0)	(112, 6119.0)	(117, 8834.0)	(122, 8756.0)	(127, 11593.0)	(132, 24071.0)	(137, 19617.0)	(142, 39834.0)	(147, 43844.0)	(151, 240791.0)
ERR562602_2	(32, 2811.0)	(37, 1515.0)	(42, 1089.0)	(47, 2212.0)	(52, 2201.0)	(57, 8865.0)	(62, 5572.0)	(67, 3846.0)	(72, 3423.0)	(77, 6109.0)	(82, 4360.0)	(87, 3609.0)	(92, 3551.0)	(97, 4292.0)	(102, 4310.0)	(107, 5086.0)	(112, 6381.0)	(117, 9000.0)	(122, 12244.0)	(127, 14283.0)	(132, 25258.0)	(137, 23673.0)	(142, 36399.0)	(147, 40789.0)	(151, 230156.0)
ERR562611_1	(151, 1800568.0)																								
ERR562611_2	(151, 1800568.0)																								
ERR562614_1	(151, 2570322.0)																								
ERR562614_2	(151, 2570322.0)																								
ERR562616_1	(151, 2514910.0)																								
ERR562616_2	(151, 2514910.0)																								
ERR562619_1	(151, 2321077.0)																								
ERR562619_2	(151, 2321077.0)																								
ERR562638_1	(151, 2025382.0)																								
ERR562638_2	(151, 2025382.0)																								
ERR562643_1	(151, 2698634.0)																								
ERR562643_2	(151, 2698634.0)																								
ERR562646_1	(151, 2431221.0)																								
ERR562646_2	(151, 2431221.0)																								
ERR562647_1	(151, 3062336.0)																								
ERR562647_2	(151, 3062336.0)																								
ERR562657_1	(151, 1943272.0)																								
ERR562657_2	(151, 1943272.0)																								
ERR562659_1	(151, 3241985.0)																								
ERR562659_2	(151, 3241985.0)																								
ERR562664_1	(151, 1814838.0)																								
ERR562664_2	(151, 1814838.0)																								
ERR562665_1	(151, 1735350.0)																								
ERR562665_2	(151, 1735350.0)																								
ERR562667_1	(151, 2133413.0)																								
ERR562667_2	(151, 2133413.0)																								
ERR562670_1	(151, 2561064.0)																								
ERR562670_2	(151, 2561064.0)																								
ERR562700_1	(151, 2229280.0)																								
ERR562700_2	(151, 2229280.0)																								
ERR562702_1	(151, 1618995.0)																								
ERR562702_2	(151, 1618995.0)																								
