.	Basic Statistics	Per Base Sequence Quality	Per Tile Sequence Quality	Per Sequence Quality Scores	Per Base Sequence Content	Per Sequence GC Content	Per Base N Content	Sequence Length Distribution	Sequence Duplication Levels	Overrepresented Sequences	Adapter Content
ERR1755874_1	1	1	1	1	0.25	1	1	0.5	0.25	0.25	1
ERR1755874_2	1	1	1	1	0.25	1	1	0.5	0.25	0.25	1
ERR1755875_1	1	1	1	1	0.25	0.25	1	0.5	0.25	0.25	1
ERR1755875_2	1	0.25	1	1	0.25	1	0.25	0.5	0.25	0.25	1
ERR1755883_1	1	1	1	1	0.25	0.25	1	0.5	0.25	0.25	1
ERR1755883_2	1	0.25	1	1	0.25	0.5	0.25	0.5	0.25	0.25	1
ERR1755895_1	1	1	1	1	0.25	0.5	1	0.5	0.25	0.25	1
ERR1755895_2	1	0.25	1	1	0.25	1	0.25	0.5	0.25	0.25	1
ERR1755908_1	1	1	1	1	0.25	1	1	0.5	0.25	0.25	1
ERR1755908_2	1	1	1	1	0.25	1	0.5	0.5	0.25	0.25	1
ERR1755910_1	1	1	1	1	0.25	0.5	1	0.5	0.25	0.25	1
ERR1755910_2	1	0.25	1	1	0.25	1	0.25	0.5	0.25	0.25	1
ERR1755912_1	1	1	1	1	0.25	0.25	1	0.5	0.25	0.25	1
ERR1755912_2	1	1	1	1	0.25	1	0.5	0.5	0.25	0.25	1
ERR1755913_1	1	1	1	1	0.25	0.5	1	0.5	0.25	0.25	1
ERR1755913_2	1	0.25	1	1	0.25	0.5	0.25	0.5	0.25	0.25	1
ERR1755917_1	1	1	1	1	0.25	0.5	1	0.5	0.25	0.25	1
ERR1755917_2	1	0.5	1	1	0.25	1	0.25	0.5	0.25	0.25	1
ERR1755919_1	1	1	0.25	1	0.25	0.5	1	0.5	0.25	0.25	1
ERR1755919_2	1	1	0.25	1	0.25	0.5	0.5	0.5	0.25	0.25	1
ERR1755921_1	1	1	1	1	0.25	0.25	1	0.5	0.25	0.25	1
ERR1755921_2	1	0.25	1	1	0.25	0.25	0.25	0.5	0.25	0.25	1
ERR1755922_1	1	1	1	1	0.25	0.25	1	0.5	0.25	0.25	1
ERR1755922_2	1	1	1	1	0.25	1	0.25	0.5	0.25	0.25	1
ERR1755935_1	1	1	1	1	0.25	0.5	1	0.5	0.25	0.25	1
ERR1755935_2	1	0.25	1	1	0.25	0.5	0.25	0.5	0.25	0.25	1
ERR1755937_1	1	1	1	1	0.25	0.5	1	0.5	0.25	0.25	1
ERR1755937_2	1	0.25	1	1	0.25	1	0.25	0.5	0.25	0.25	1
ERR1755940_1	1	1	1	1	0.25	0.5	1	0.5	0.25	0.25	1
ERR1755940_2	1	0.25	1	1	0.25	1	0.25	0.5	0.25	0.25	1
ERR1755943_1	1	1	1	1	0.25	0.5	1	0.5	0.25	0.25	1
ERR1755943_2	1	0.25	1	1	0.25	0.5	0.25	0.5	0.25	0.25	1
ERR1755944_1	1	1	1	1	0.25	0.25	1	0.5	0.25	0.25	1
ERR1755944_2	1	0.25	1	1	0.25	0.5	0.25	0.5	0.25	0.25	1
ERR1755946_1	1	1	1	1	0.25	0.25	1	0.5	0.25	0.25	1
ERR1755946_2	1	0.25	1	1	0.25	0.5	0.25	0.5	0.25	0.25	1
ERR1755949_1	1	1	1	1	0.25	0.5	1	0.5	0.25	0.25	1
ERR1755949_2	1	0.25	1	1	0.25	1	0.25	0.5	0.25	0.25	1
ERR1755954_1	1	1	1	1	0.25	0.5	1	0.5	0.25	0.25	1
ERR1755954_2	1	0.25	1	1	0.25	1	0.25	0.5	0.25	0.25	1
ERR1755957_1	1	1	0.25	1	0.25	0.5	1	0.5	0.25	0.25	1
ERR1755957_2	1	1	0.25	1	0.25	1	0.5	0.5	0.25	0.25	1
ERR1755965_1	1	1	1	1	0.25	0.25	1	0.5	0.25	0.25	1
ERR1755965_2	1	1	1	1	0.25	1	0.5	0.5	0.25	0.25	1
ERR1755971_1	1	1	1	1	0.25	0.5	1	0.5	0.25	0.25	1
ERR1755971_2	1	1	1	1	0.25	0.5	0.5	0.5	0.25	0.25	1
ERR1755973_1	1	1	1	1	0.25	0.5	1	0.5	0.25	0.25	1
ERR1755973_2	1	1	1	1	0.25	1	1	0.5	0.25	0.25	1
ERR1755988_1	1	1	1	1	0.25	0.25	1	0.5	0.25	0.25	1
ERR1755988_2	1	0.25	1	1	0.25	1	0.25	0.5	0.25	0.25	1
ERR1755991_1	1	1	1	1	0.25	0.5	1	0.5	0.25	0.25	1
ERR1755991_2	1	0.25	1	1	0.25	1	0.25	0.5	0.25	0.25	1
ERR1756002_1	1	1	1	1	0.25	0.25	1	0.5	0.25	0.25	1
ERR1756002_2	1	0.25	1	1	0.25	1	0.25	0.5	0.25	0.25	1
ERR1756003_1	1	1	0.25	1	0.25	1	1	0.5	0.25	0.25	1
ERR1756003_2	1	1	0.25	1	0.25	1	0.5	0.5	0.25	0.25	1
ERR1756006_1	1	1	1	1	0.25	0.25	1	0.5	0.25	0.25	1
ERR1756006_2	1	1	1	1	0.25	0.25	0.5	0.5	0.25	0.25	1
ERR1756007_1	1	1	1	1	0.25	0.25	1	0.5	0.25	0.25	1
ERR1756007_2	1	1	1	1	0.25	1	0.25	0.5	0.25	0.25	1
ERR1756017_1	1	1	1	1	0.25	0.25	1	0.5	0.25	0.25	1
ERR1756017_2	1	1	1	1	0.25	1	0.5	0.5	0.25	0.25	1
ERR1756023_1	1	1	1	1	0.25	0.5	1	0.5	0.25	0.25	1
ERR1756023_2	1	1	1	1	0.25	1	1	0.5	0.25	0.25	1
ERR1756032_1	1	1	1	1	0.25	0.5	1	0.5	0.25	0.25	1
ERR1756032_2	1	1	1	1	0.25	0.5	1	0.5	0.25	0.25	1
ERR1756035_1	1	1	1	1	0.25	1	1	0.5	0.25	0.25	1
ERR1756035_2	1	0.25	1	1	0.25	1	0.25	0.5	0.25	0.25	1
ERR1756044_1	1	1	1	1	0.25	0.25	1	0.5	0.25	0.25	1
ERR1756044_2	1	0.25	1	1	0.25	0.25	0.25	0.5	0.25	0.25	1
ERR1756057_1	1	1	1	1	0.25	0.5	0.5	0.5	0.25	0.25	1
ERR1756057_2	1	0.25	1	1	0.25	1	0.25	0.5	0.25	0.25	1
ERR1756062_1	1	1	1	1	0.25	0.5	1	0.5	0.25	0.25	1
ERR1756062_2	1	0.25	1	1	0.25	1	0.25	0.5	0.25	0.25	1
ERR1756071_1	1	1	1	1	0.25	1	1	0.5	0.25	0.25	1
ERR1756071_2	1	0.25	1	1	0.25	1	0.25	0.5	0.25	0.25	1
ERR1756073_1	1	1	1	1	0.25	0.5	1	0.5	0.25	0.25	1
ERR1756073_2	1	1	1	1	0.25	1	0.25	0.5	0.25	0.25	1
ERR1756075_1	1	1	1	1	0.25	0.5	1	0.5	0.25	0.25	1
ERR1756075_2	1	0.25	1	1	0.25	0.5	0.25	0.5	0.25	0.25	1
ERR1756080_1	1	1	1	1	0.25	0.5	1	0.5	0.25	0.25	1
ERR1756080_2	1	1	1	1	0.25	1	0.5	0.5	0.25	0.25	1
ERR1756084_1	1	1	1	1	0.25	0.25	1	0.5	0.25	0.25	1
ERR1756084_2	1	0.25	1	1	0.25	1	0.25	0.5	0.25	0.25	1
ERR1756086_1	1	1	1	1	0.25	0.25	1	0.5	0.25	0.25	1
ERR1756086_2	1	1	1	1	0.25	1	0.25	0.5	0.25	0.25	1
ERR1756092_1	1	1	1	1	0.25	0.5	1	0.5	0.25	0.25	1
ERR1756092_2	1	0.25	1	1	0.25	1	0.25	0.5	0.25	0.25	1
ERR1756095_1	1	1	1	1	0.25	1	1	0.5	0.25	0.25	1
ERR1756095_2	1	0.25	1	1	0.25	1	0.25	0.5	0.25	0.25	1
ERR1756101_1	1	1	1	1	0.25	0.5	1	0.5	0.25	0.25	1
ERR1756101_2	1	0.25	1	1	0.25	1	0.25	0.5	0.25	0.25	1
ERR1756105_1	1	1	1	1	0.25	0.5	1	0.5	0.25	0.25	1
ERR1756105_2	1	1	1	1	0.25	0.5	1	0.5	0.25	0.25	1
ERR1756107_1	1	1	1	1	0.25	0.25	1	0.5	0.25	0.25	1
ERR1756107_2	1	0.25	1	1	0.25	1	0.25	0.5	0.25	0.25	1
ERR1756111_1	1	1	1	1	0.25	0.5	1	0.5	0.25	0.25	1
ERR1756111_2	1	0.25	1	1	0.25	1	0.25	0.5	0.25	0.25	1
ERR1756115_1	1	1	0.25	1	0.25	1	1	0.5	0.25	0.25	1
ERR1756115_2	1	1	0.25	1	0.25	1	1	0.5	0.25	0.25	1
ERR1756118_1	1	1	1	1	0.25	0.25	1	0.5	0.25	0.25	1
ERR1756118_2	1	0.25	1	1	0.25	0.25	0.25	0.5	0.25	0.25	1
ERR1756127_1	1	1	1	1	0.25	0.5	1	0.5	0.25	0.25	1
ERR1756127_2	1	1	1	1	0.25	1	0.5	0.5	0.25	0.25	1
ERR1756130_1	1	1	1	1	0.25	0.25	1	0.5	0.25	0.25	1
ERR1756130_2	1	1	1	1	0.25	0.5	0.5	0.5	0.25	0.25	1
ERR1756131_1	1	1	1	1	0.25	0.25	1	0.5	0.25	0.25	1
ERR1756131_2	1	1	0.25	1	0.25	0.25	1	0.5	0.25	0.25	1
ERR1756135_1	1	1	1	1	0.25	0.5	1	0.5	0.25	0.25	1
ERR1756135_2	1	1	1	1	0.25	1	0.25	0.5	0.25	0.25	1
ERR1756136_1	1	1	1	1	0.25	0.5	1	0.5	0.25	0.25	1
ERR1756136_2	1	1	1	1	0.25	1	0.25	0.5	0.25	0.25	1
ERR1756138_1	1	1	1	1	0.25	1	1	0.5	0.25	0.25	1
ERR1756138_2	1	0.25	1	1	0.25	1	0.25	0.5	0.25	0.25	1
ERR1756139_1	1	1	1	1	0.25	0.5	1	0.5	0.25	0.25	1
ERR1756139_2	1	1	1	1	0.25	0.5	1	0.5	0.25	0.25	1
ERR1756149_1	1	1	1	1	0.25	0.5	1	0.5	0.25	0.25	1
ERR1756149_2	1	0.25	1	1	0.25	1	0.25	0.5	0.25	0.25	1
ERR1756161_1	1	1	1	1	0.25	0.5	1	0.5	0.25	0.25	1
ERR1756161_2	1	0.25	1	1	0.25	0.5	0.25	0.5	0.25	0.25	1
ERR1756162_1	1	1	1	1	0.25	0.25	1	0.5	0.25	0.25	1
ERR1756162_2	1	1	1	1	0.25	1	0.25	0.5	0.25	0.25	1
ERR1756165_1	1	1	1	1	0.25	0.5	1	0.5	0.25	0.25	1
ERR1756165_2	1	0.25	1	1	0.25	1	0.25	0.5	0.25	0.25	1
ERR1756169_1	1	1	1	1	0.25	1	1	0.5	0.25	0.25	1
ERR1756169_2	1	1	1	1	0.25	1	0.5	0.5	0.25	0.25	1
ERR1756171_1	1	1	1	1	0.25	0.5	1	0.5	0.25	0.25	1
ERR1756171_2	1	1	1	1	0.25	1	0.5	0.5	0.25	0.25	1
ERR1756182_1	1	1	0.5	1	0.25	1	1	0.5	0.25	0.25	1
ERR1756182_2	1	1	0.25	1	0.25	1	0.25	0.5	0.25	0.25	1
ERR1756183_1	1	1	1	1	0.25	0.25	1	0.5	0.25	0.25	1
ERR1756183_2	1	1	1	1	0.25	0.5	1	0.5	0.25	0.25	1
ERR1756186_1	1	1	1	1	0.25	0.5	1	0.5	0.25	0.25	1
ERR1756186_2	1	1	1	1	0.25	1	0.5	0.5	0.25	0.25	1
ERR1756192_1	1	1	1	1	0.25	0.5	1	0.5	0.25	0.25	1
ERR1756192_2	1	0.25	1	1	0.25	1	0.25	0.5	0.25	0.25	1
ERR1756203_1	1	1	1	1	0.25	0.5	1	0.5	0.25	0.25	1
ERR1756203_2	1	0.25	1	1	0.25	1	0.25	0.5	0.25	0.25	1
ERR1756219_1	1	1	1	1	0.25	0.25	1	0.5	0.25	0.25	1
ERR1756219_2	1	1	1	1	0.25	1	0.25	0.5	0.25	0.25	1
ERR1756220_1	1	1	0.5	1	0.25	0.5	1	0.5	0.25	0.25	1
ERR1756220_2	1	1	0.25	1	0.25	0.5	0.25	0.5	0.25	0.25	1
ERR1756221_1	1	1	1	1	0.25	0.5	1	0.5	0.25	0.25	1
ERR1756221_2	1	1	0.25	1	0.25	0.5	1	0.5	0.25	0.25	1
ERR1756224_1	1	1	1	1	0.25	0.25	1	0.5	0.25	0.25	1
ERR1756224_2	1	0.25	1	1	0.25	1	0.25	0.5	0.25	0.25	1
ERR1756228_1	1	1	1	1	0.25	1	1	0.5	0.25	0.25	1
ERR1756228_2	1	0.25	1	1	0.25	1	0.25	0.5	0.25	0.25	1
ERR1756232_1	1	1	1	1	0.25	0.25	1	0.5	0.25	0.25	1
ERR1756232_2	1	0.25	1	1	0.25	1	0.25	0.5	0.25	0.25	1
ERR1756234_1	1	1	1	1	0.25	1	1	0.5	0.25	0.25	1
ERR1756234_2	1	1	1	1	0.25	1	1	0.5	0.25	0.25	1
ERR1756237_1	1	1	1	1	0.25	0.5	1	0.5	0.25	0.25	1
ERR1756237_2	1	1	1	1	0.25	1	0.5	0.5	0.25	0.25	1
ERR1756243_1	1	1	1	1	0.25	0.5	1	0.5	0.25	0.25	1
ERR1756243_2	1	0.25	1	1	0.25	1	0.25	0.5	0.25	0.25	1
ERR1756246_1	1	1	1	1	0.25	0.5	1	0.5	0.25	0.25	1
ERR1756246_2	1	1	1	1	0.25	1	1	0.5	0.25	0.25	1
ERR1756249_1	1	1	1	1	0.25	0.25	1	0.5	0.25	0.25	1
ERR1756249_2	1	0.25	1	1	0.25	1	0.25	0.5	0.25	0.25	1
ERR1756250_1	1	1	1	1	0.25	0.5	1	0.5	0.25	0.25	1
ERR1756250_2	1	1	1	1	0.25	0.5	0.5	0.5	0.25	0.25	1
ERR1756254_1	1	1	1	1	0.25	0.5	1	0.5	0.25	0.25	1
ERR1756254_2	1	0.25	1	1	0.25	0.5	0.25	0.5	0.25	0.25	1
ERR1756258_1	1	1	1	1	0.25	1	1	0.5	0.25	0.25	1
ERR1756258_2	1	1	1	1	0.25	1	0.25	0.5	0.25	0.25	1
ERR1756259_1	1	1	1	1	0.25	1	1	0.5	0.25	0.25	1
ERR1756259_2	1	0.25	1	1	0.25	1	0.25	0.5	0.25	0.25	1
ERR1756270_1	1	1	1	1	0.25	1	1	0.5	0.25	0.25	1
ERR1756270_2	1	1	1	1	0.25	1	0.5	0.5	0.25	0.25	1
ERR1756280_1	1	1	1	1	0.25	1	1	0.5	0.25	0.25	1
ERR1756280_2	1	1	1	1	0.25	1	0.5	0.5	0.25	0.25	1
ERR1756293_1	1	1	1	1	0.25	0.25	0.5	0.5	0.25	0.25	1
ERR1756293_2	1	0.25	1	1	0.25	1	0.25	0.5	0.25	0.25	1
ERR1756296_1	1	1	1	1	0.25	1	1	0.5	0.25	0.25	1
ERR1756296_2	1	0.25	1	1	0.25	1	0.25	0.5	0.25	0.25	1
ERR1756297_1	1	1	1	1	0.25	0.5	1	0.5	0.25	0.25	1
ERR1756297_2	1	1	1	1	0.25	1	0.5	0.5	0.25	0.25	1
ERR1756300_1	1	1	1	1	0.25	0.5	1	0.5	0.25	0.25	1
ERR1756300_2	1	0.25	1	1	0.25	1	0.25	0.5	0.25	0.25	1
ERR1756304_1	1	1	1	1	0.25	0.5	1	0.5	0.25	0.25	1
ERR1756304_2	1	1	1	1	0.25	0.5	1	0.5	0.25	0.25	1
ERR1756317_1	1	1	1	1	0.25	0.5	1	0.5	0.25	0.25	1
ERR1756317_2	1	0.25	1	1	0.25	1	0.25	0.5	0.25	0.25	1
ERR1756327_1	1	1	1	1	0.25	0.5	1	0.5	0.25	0.25	1
ERR1756327_2	1	1	1	1	0.25	0.5	0.5	0.5	0.25	0.25	1
ERR1756353_1	1	1	1	1	0.25	0.5	1	0.5	0.25	0.25	1
ERR1756353_2	1	1	1	1	0.25	1	0.5	0.5	0.25	0.25	1
ERR1756365_1	1	1	1	1	0.25	0.5	1	0.5	0.25	0.25	1
ERR1756365_2	1	1	1	1	0.25	0.5	1	0.5	0.25	0.25	1
ERR1879918_1	1	1	1	1	0.25	0.5	1	0.5	0.25	0.25	1
ERR1879918_2	1	1	1	1	0.25	0.25	0.5	0.5	0.25	0.25	1
ERR562364_1	1	0.25	0.25	1	0.25	0.25	1	1	0.25	0.25	1
ERR562364_2	1	0.25	0.25	1	0.25	0.25	1	1	0.25	0.25	1
ERR562378_1	1	0.25	0.25	1	0.25	0.5	1	1	0.25	0.25	1
ERR562378_2	1	0.25	0.25	1	0.25	0.5	0.25	1	0.25	0.25	1
ERR562385_1	1	0.25	0.5	1	0.25	0.25	1	1	0.25	0.25	0.5
ERR562385_2	1	0.25	0.25	0.5	0.25	0.25	0.5	1	0.25	0.25	1
ERR562386_1	1	0.25	0.5	1	0.25	0.5	1	1	0.25	0.25	1
ERR562386_2	1	0.25	0.25	1	0.25	0.5	1	1	0.25	0.25	1
ERR562391_1	1	0.25	0.25	1	0.25	0.25	1	1	0.25	0.25	1
ERR562391_2	1	0.25	0.25	1	0.25	0.25	0.25	1	0.25	0.25	1
ERR562413_1	1	0.25	0.25	1	0.25	0.25	1	1	0.25	0.25	1
ERR562413_2	1	0.25	0.25	1	0.25	0.25	0.25	1	0.25	0.25	1
ERR562431_1	1	0.25	1	1	0.25	0.5	1	1	0.25	0.25	1
ERR562431_2	1	0.25	0.25	1	0.25	0.5	1	1	0.25	0.25	1
ERR562434_1	1	0.25	0.25	1	0.25	0.25	1	1	0.25	0.25	1
ERR562434_2	1	0.25	0.25	1	0.25	0.5	0.25	1	0.25	0.25	1
ERR562441_1	1	0.25	0.25	1	0.25	0.25	0.5	1	0.25	0.25	0.25
ERR562441_2	1	0.25	0.5	1	0.25	0.25	1	1	0.25	0.25	0.25
ERR562451_1	1	1	1	1	0.25	0.5	1	0.5	0.25	0.25	1
ERR562451_2	1	1	1	1	0.25	1	1	0.5	0.25	0.25	1
ERR562452_1	1	0.25	0.25	1	0.25	0.5	1	1	0.25	0.25	0.25
ERR562452_2	1	0.25	0.25	1	0.25	0.5	0.5	1	0.25	0.25	0.25
ERR562457_1	1	0.25	0.25	1	0.25	0.25	1	1	0.25	0.25	1
ERR562457_2	1	0.25	0.25	1	0.25	0.5	1	1	0.25	0.25	1
ERR562470_1	1	0.25	0.25	0.25	0.25	0.5	1	1	0.25	0.25	1
ERR562470_2	1	0.25	0.25	1	0.25	1	1	1	0.25	0.25	1
ERR562471_1	1	1	1	1	0.25	0.25	1	0.5	0.25	0.25	1
ERR562471_2	1	0.25	1	1	0.25	1	0.25	0.5	0.25	0.25	1
ERR562498_1	1	0.25	0.5	1	0.25	0.5	1	1	0.25	0.25	1
ERR562498_2	1	0.25	0.5	1	0.25	0.25	1	1	0.25	0.25	1
ERR562500_1	1	0.25	0.25	1	0.25	0.5	1	1	0.25	0.25	0.5
ERR562500_2	1	0.25	0.25	1	0.25	0.5	1	1	0.25	0.25	1
ERR562516_1	1	0.25	1	1	0.25	0.25	1	1	0.25	0.25	1
ERR562516_2	1	0.25	0.25	1	0.25	0.25	1	1	0.25	0.25	1
ERR562517_1	1	0.25	1	1	0.25	1	1	1	0.25	0.25	1
ERR562517_2	1	0.25	1	1	0.25	0.5	1	1	0.25	0.25	1
ERR562530_1	1	0.25	0.25	1	0.25	0.25	1	1	0.25	0.25	1
ERR562530_2	1	0.25	0.25	1	0.25	0.25	1	1	0.25	0.25	1
ERR562532_1	1	0.25	1	1	0.25	1	1	1	0.25	0.25	0.5
ERR562532_2	1	0.25	0.5	1	0.25	0.5	1	1	0.25	0.25	0.5
ERR562542_1	1	0.25	0.25	1	0.25	0.25	1	1	0.25	0.25	1
ERR562542_2	1	0.25	0.25	1	0.25	0.25	1	1	0.25	0.25	1
ERR562549_1	1	0.25	0.5	1	0.25	0.5	1	1	0.25	0.25	1
ERR562549_2	1	0.25	0.25	1	0.25	0.5	1	1	0.25	0.25	1
ERR562551_1	1	0.25	0.25	1	0.25	1	1	1	0.25	0.25	1
ERR562551_2	1	0.25	0.25	1	0.25	0.5	0.25	1	0.25	0.25	1
ERR562561_1	1	1	1	1	0.25	0.25	1	0.5	0.25	0.25	1
ERR562561_2	1	1	1	1	0.25	1	0.5	0.5	0.25	0.25	1
ERR562566_1	1	0.25	1	1	0.25	1	1	1	0.25	0.25	1
ERR562566_2	1	0.25	0.25	1	0.25	0.5	0.5	1	0.25	0.25	1
ERR562585_1	1	0.25	0.25	1	0.25	0.5	1	1	0.25	0.25	1
ERR562585_2	1	0.25	0.25	1	0.25	0.25	1	1	0.25	0.25	1
ERR562588_1	1	0.25	0.25	1	0.25	0.5	1	1	0.25	0.25	1
ERR562588_2	1	0.25	0.25	1	0.25	0.5	0.5	1	0.25	0.25	1
ERR562590_1	1	0.25	0.25	1	0.25	0.25	1	1	0.25	0.25	1
ERR562590_2	1	0.25	0.25	1	0.25	0.25	1	1	0.25	0.25	1
ERR562602_1	1	1	1	1	0.25	0.5	1	0.5	0.25	0.25	1
ERR562602_2	1	1	1	1	0.25	0.5	1	0.5	0.25	0.25	1
ERR562611_1	1	0.25	0.25	1	0.25	0.25	1	1	0.25	0.25	1
ERR562611_2	1	0.25	0.25	1	0.25	0.5	0.5	1	0.25	0.25	1
ERR562614_1	1	0.25	0.25	1	0.25	1	0.5	1	0.25	0.25	0.5
ERR562614_2	1	0.25	0.5	1	0.25	1	1	1	0.25	0.25	0.5
ERR562616_1	1	0.25	0.5	1	0.25	0.5	1	1	0.25	0.25	1
ERR562616_2	1	0.25	0.25	1	0.25	0.5	0.5	1	0.25	0.25	1
ERR562619_1	1	0.25	0.25	1	0.25	1	1	1	0.25	0.25	1
ERR562619_2	1	0.25	0.25	1	0.25	0.5	1	1	0.25	0.25	1
ERR562638_1	1	0.25	0.25	1	0.25	0.5	1	1	0.25	0.25	1
ERR562638_2	1	0.25	0.25	1	0.25	0.5	0.5	1	0.25	0.25	1
ERR562643_1	1	0.25	0.25	1	0.25	0.25	1	1	0.25	0.25	1
ERR562643_2	1	0.25	0.25	1	0.25	0.5	1	1	0.25	0.25	1
ERR562646_1	1	0.25	0.5	1	0.25	0.5	1	1	0.25	0.25	1
ERR562646_2	1	0.25	0.25	1	0.25	0.5	1	1	0.25	0.25	1
ERR562647_1	1	0.25	0.5	1	0.25	1	1	1	0.25	0.25	0.5
ERR562647_2	1	0.25	0.25	1	0.25	0.5	0.5	1	0.25	0.25	1
ERR562657_1	1	0.25	1	1	0.25	0.25	1	1	0.25	0.25	1
ERR562657_2	1	0.25	1	1	0.25	0.25	1	1	0.25	0.25	1
ERR562659_1	1	0.25	0.5	1	0.25	0.5	1	1	0.25	0.25	0.5
ERR562659_2	1	0.25	0.25	1	0.25	0.5	1	1	0.25	0.25	1
ERR562664_1	1	0.25	1	1	0.25	0.25	1	1	0.25	0.25	1
ERR562664_2	1	0.25	0.25	1	0.25	0.25	1	1	0.25	0.25	1
ERR562665_1	1	0.25	0.5	1	0.25	0.5	1	1	0.25	0.25	0.5
ERR562665_2	1	0.25	0.25	1	0.25	0.25	1	1	0.25	0.25	0.5
ERR562667_1	1	0.25	0.25	1	0.25	0.25	1	1	0.25	0.25	0.25
ERR562667_2	1	0.25	0.25	1	0.25	0.25	0.25	1	0.25	0.25	0.25
ERR562670_1	1	0.25	0.25	1	0.25	1	1	1	0.25	0.25	1
ERR562670_2	1	0.25	0.25	1	0.25	1	1	1	0.25	0.25	1
ERR562700_1	1	0.25	0.25	1	0.25	0.5	1	1	0.25	0.25	1
ERR562700_2	1	0.25	0.25	1	0.25	0.5	0.5	1	0.25	0.25	1
ERR562702_1	1	0.25	0.25	1	0.25	0.25	1	1	0.25	0.25	1
ERR562702_2	1	0.25	0.25	1	0.25	0.25	0.5	1	0.25	0.25	1
