Sample	0	1	2	3	4	5	6	7	8	9	10	11	12	13	14	15
ERR3518658_1	(1.0, 3.639249692280675)	(2.0, 0.7779949708318813)	(3.0, 0.47349897756107373)	(4.0, 0.3326037135291041)	(5.0, 0.27280982305883056)	(6.0, 0.23309520044060375)	(7.0, 0.18045357787453017)	(8.0, 0.18001393460617585)	(9.0, 0.14388325146141942)	('>10', 2.5374610746618322)	('>50', 1.3070994043872946)	('>100', 4.0583070426090355)	('>500', 2.3765916060139953)	('>1k', 11.761136877165974)	('>5k', 5.158694175730091)	('>10k+', 66.56710667778749)
ERR3518658_2	(1.0, 3.9820171251599263)	(2.0, 0.7603785533971004)	(3.0, 0.45133407592278335)	(4.0, 0.3234021051852228)	(5.0, 0.26536125320278264)	(6.0, 0.20811286423198144)	(7.0, 0.17781006095410468)	(8.0, 0.16608450288311602)	(9.0, 0.14688398231859393)	('>10', 2.5661095723638674)	('>50', 1.3019552986126348)	('>100', 4.45408075903952)	('>500', 2.565509556096226)	('>1k', 10.4964045785256)	('>5k', 7.734609700741646)	('>10k+', 64.39994601136489)
ERR3518664_1	(1.0, 2.909380369467877)	(2.0, 0.668142696245)	(3.0, 0.3891673466431424)	(4.0, 0.2790622553318275)	(5.0, 0.22609671535991702)	(6.0, 0.19159258091517173)	(7.0, 0.1664963473548103)	(8.0, 0.14100870378413274)	(9.0, 0.13343935028395892)	('>10', 2.3125883547439003)	('>50', 1.1506972392137642)	('>100', 3.771972604419053)	('>500', 2.0288332494571297)	('>1k', 8.993141859820376)	('>5k', 5.135503148970813)	('>10k+', 71.50287717798913)
ERR3518664_2	(1.0, 3.272911562488056)	(2.0, 0.7020489656566476)	(3.0, 0.4121356104372505)	(4.0, 0.29999688842662336)	(5.0, 0.234208751940493)	(6.0, 0.19557093330537456)	(7.0, 0.16922762987530468)	(8.0, 0.1512236254357959)	(9.0, 0.1286272609810968)	('>10', 2.232869804929566)	('>50', 1.1081381934268422)	('>100', 3.4419206595168577)	('>500', 1.730193451162517)	('>1k', 7.88616092867244)	('>5k', 4.075382912809989)	('>10k+', 73.95938282093515)
ERR3518669_1	(1.0, 3.077229714661873)	(2.0, 0.7128047825417096)	(3.0, 0.4299741164637667)	(4.0, 0.2985785485455392)	(5.0, 0.2446011820461337)	(6.0, 0.20393467525481246)	(7.0, 0.1760469415521375)	(8.0, 0.15343158157308878)	(9.0, 0.13142723860159233)	('>10', 2.377613780311962)	('>50', 1.2013614303183688)	('>100', 3.399274513657566)	('>500', 2.4019658079945816)	('>1k', 11.106421899531624)	('>5k', 9.11283191679144)	('>10k+', 64.9725018701538)
ERR3518669_2	(1.0, 3.530926479134075)	(2.0, 0.7598702818661591)	(3.0, 0.46102301650269234)	(4.0, 0.33192851962987346)	(5.0, 0.2601023614950382)	(6.0, 0.21936864519026814)	(7.0, 0.17873767740474444)	(8.0, 0.16239425374001162)	(9.0, 0.14403495252109208)	('>10', 2.2454365831333813)	('>50', 1.109850373443545)	('>100', 2.7878451894621032)	('>500', 1.870679985605625)	('>1k', 9.808525809324669)	('>5k', 7.971440827358331)	('>10k+', 68.15783504418839)
ERR3518674_1	(1.0, 2.9248102205043534)	(2.0, 0.6529156124004718)	(3.0, 0.39017014709217485)	(4.0, 0.2891380333583701)	(5.0, 0.22969414382903358)	(6.0, 0.18983013540705942)	(7.0, 0.16223769879880157)	(8.0, 0.1497804512454096)	(9.0, 0.13578698672861794)	('>10', 2.2049804486062157)	('>50', 1.3191423647265876)	('>100', 3.4674325318417942)	('>500', 1.9810509642740861)	('>1k', 9.147667945082835)	('>5k', 7.707267568892602)	('>10k+', 69.0480947472116)
ERR3518674_2	(1.0, 3.340766345166677)	(2.0, 0.6807270252038612)	(3.0, 0.41846266128450726)	(4.0, 0.30419600731391283)	(5.0, 0.23928069528743268)	(6.0, 0.20229376795894582)	(7.0, 0.164602075043572)	(8.0, 0.15444009609813591)	(9.0, 0.14010369539005715)	('>10', 2.1264571885038777)	('>50', 1.1674597187269782)	('>100', 2.905151128220836)	('>500', 1.706571297880361)	('>1k', 7.96351188964394)	('>5k', 6.576197453277696)	('>10k+', 71.90977895499921)
ERR3518680_1	(1.0, 3.420751868583615)	(2.0, 0.7678638913744923)	(3.0, 0.4659011299935804)	(4.0, 0.34348477092615554)	(5.0, 0.26559201408144023)	(6.0, 0.2350596489806926)	(7.0, 0.19751550359121123)	(8.0, 0.19266122486728385)	(9.0, 0.15532818218935732)	('>10', 2.698117800920523)	('>50', 1.622296284542528)	('>100', 4.319588308277449)	('>500', 1.9208456196482224)	('>1k', 9.782458566494535)	('>5k', 6.8174750200679455)	('>10k+', 66.79506016546097)
ERR3518680_2	(1.0, 3.493406672527709)	(2.0, 0.7687290446648559)	(3.0, 0.46918996917389044)	(4.0, 0.3512465013769127)	(5.0, 0.27906385953369617)	(6.0, 0.22856269596225193)	(7.0, 0.2015019347445906)	(8.0, 0.1828139940100459)	(9.0, 0.14703552848121096)	('>10', 2.6160879404213846)	('>50', 1.5661834421195402)	('>100', 3.8639978336847034)	('>500', 1.5170496388684027)	('>1k', 8.093891382380598)	('>5k', 5.063884359351154)	('>10k+', 71.15735520269905)
ERR3518689_1	(1.0, 2.608797720793443)	(2.0, 0.554262999860095)	(3.0, 0.31366472216945523)	(4.0, 0.23522420645006253)	(5.0, 0.1797392599481702)	(6.0, 0.1459451586344001)	(7.0, 0.13607204719289032)	(8.0, 0.11497896092801921)	(9.0, 0.09981147895803269)	('>10', 1.9392088025146696)	('>50', 1.1572337713674798)	('>100', 3.3702932260029272)	('>500', 1.4508512292968316)	('>1k', 6.394597887628649)	('>5k', 2.8433845213689675)	('>10k+', 78.45593400688591)
ERR3518689_2	(1.0, 2.962897233699076)	(2.0, 0.6365105169770773)	(3.0, 0.3741520078238743)	(4.0, 0.26246695400656767)	(5.0, 0.21494961029494522)	(6.0, 0.18394363664028995)	(7.0, 0.1558283117109005)	(8.0, 0.12838636712118706)	(9.0, 0.12417766380661542)	('>10', 2.099751310191617)	('>50', 1.1202750072917937)	('>100', 3.4584190271600694)	('>500', 1.8389929787944417)	('>1k', 4.560072064342365)	('>5k', 3.5270716320011846)	('>10k+', 78.352105678138)
ERR3518695_1	(1.0, 4.7031216138239955)	(2.0, 1.0033200371596633)	(3.0, 0.594431558521892)	(4.0, 0.4328459874977757)	(5.0, 0.34407847427401683)	(6.0, 0.2829032538387629)	(7.0, 0.25440013815618423)	(8.0, 0.2260108898113318)	(9.0, 0.19421507971363822)	('>10', 3.4054985945855694)	('>50', 1.800173955759592)	('>100', 5.223238365892888)	('>500', 3.5465855643767705)	('>1k', 12.560679761582513)	('>5k', 8.144843002632559)	('>10k+', 57.283653722372854)
ERR3518695_2	(1.0, 9.100920970698361)	(2.0, 1.4196243431904931)	(3.0, 0.7724109903010783)	(4.0, 0.5429307655342167)	(5.0, 0.4284553893704394)	(6.0, 0.3435410212260795)	(7.0, 0.2862257940523401)	(8.0, 0.26979237116171734)	(9.0, 0.2417354699761257)	('>10', 3.6769609486054184)	('>50', 1.9764840226315652)	('>100', 5.281107212328476)	('>500', 2.7773312537473207)	('>1k', 10.154268400136282)	('>5k', 5.464075344177321)	('>10k+', 57.26413570286276)
ERR3518702_1	(1.0, 2.606765392833825)	(2.0, 0.5644485251373387)	(3.0, 0.3403613829298612)	(4.0, 0.2494810796636105)	(5.0, 0.20327917733070805)	(6.0, 0.1709743389127483)	(7.0, 0.14864698889770617)	(8.0, 0.13812729692557454)	(9.0, 0.11880677392508929)	('>10', 2.073124541682873)	('>50', 1.2884730513304845)	('>100', 3.1963708613769946)	('>500', 1.6185163664096884)	('>1k', 5.730069140245079)	('>5k', 5.328867550141707)	('>10k+', 76.22368753225672)
ERR3518702_2	(1.0, 2.742687090898922)	(2.0, 0.5872153756236789)	(3.0, 0.3481893095400025)	(4.0, 0.2671616247660072)	(5.0, 0.22167301349972143)	(6.0, 0.18250087677569865)	(7.0, 0.163129793840806)	(8.0, 0.13865717982669165)	(9.0, 0.12828820888473366)	('>10', 2.160684728320089)	('>50', 1.2306607562333947)	('>100', 3.2670010654517743)	('>500', 1.1113207025267577)	('>1k', 4.202912464901105)	('>5k', 3.7444507405884466)	('>10k+', 79.50346706832218)
ERR3518707_1	(1.0, 4.004367441208881)	(2.0, 0.8246840907191836)	(3.0, 0.49936881951878687)	(4.0, 0.3511794622216948)	(5.0, 0.2822673020599713)	(6.0, 0.2514659121493533)	(7.0, 0.2091442032046379)	(8.0, 0.19035955493867251)	(9.0, 0.15735586598935195)	('>10', 2.9573215168404774)	('>50', 1.5267373747259427)	('>100', 4.440317460145731)	('>500', 2.5675131259467645)	('>1k', 9.736040104375261)	('>5k', 5.894046039918111)	('>10k+', 66.10783172603718)
ERR3518707_2	(1.0, 7.115754010262296)	(2.0, 1.1131541337980972)	(3.0, 0.6244698670331658)	(4.0, 0.43689306966704755)	(5.0, 0.3331777830236859)	(6.0, 0.27360983978981496)	(7.0, 0.22032547624467905)	(8.0, 0.19637800924429488)	(9.0, 0.16761198665068835)	('>10', 2.9920590531566855)	('>50', 1.5927053526034993)	('>100', 4.46965258997218)	('>500', 2.4264083441626494)	('>1k', 8.318784006146114)	('>5k', 7.043745202431177)	('>10k+', 62.67527127581395)
ERR3518711_1	(1.0, 4.230077691092748)	(2.0, 0.8676512381453961)	(3.0, 0.5096982169743485)	(4.0, 0.37881213801419605)	(5.0, 0.2974334329862151)	(6.0, 0.2421194776452327)	(7.0, 0.21366483568248176)	(8.0, 0.1957145557229081)	(9.0, 0.16986735803803335)	('>10', 3.0626521674525216)	('>50', 1.5982924133286467)	('>100', 4.551593821334235)	('>500', 2.5866941998967072)	('>1k', 8.68882086023262)	('>5k', 6.107129770470104)	('>10k+', 66.29977782298361)
ERR3518711_2	(1.0, 7.191602498684182)	(2.0, 1.0999276424572613)	(3.0, 0.6160981684906977)	(4.0, 0.42601921573469986)	(5.0, 0.33855047961689455)	(6.0, 0.28968961833075857)	(7.0, 0.22994166072882283)	(8.0, 0.18641747565839778)	(9.0, 0.1731811054889608)	('>10', 3.296458255866429)	('>50', 1.8151780668428523)	('>100', 5.328077924144606)	('>500', 2.7919955542518213)	('>1k', 8.379988307494628)	('>5k', 6.353523398423899)	('>10k+', 61.48335062778509)
ERR3518719_1	(1.0, 2.1997879713451813)	(2.0, 0.5487537256969706)	(3.0, 0.3271043545673978)	(4.0, 0.23656521037113218)	(5.0, 0.19017695032988244)	(6.0, 0.15974863827710123)	(7.0, 0.13338489241764498)	(8.0, 0.11843176357798169)	(9.0, 0.11544859572966981)	('>10', 2.005434586027662)	('>50', 1.1649643343638934)	('>100', 2.231185812948664)	('>500', 1.3766573827997255)	('>1k', 8.68012348823308)	('>5k', 3.5360980089964884)	('>10k+', 76.97613428431752)
ERR3518719_2	(1.0, 2.8789781217008157)	(2.0, 0.7046153790305388)	(3.0, 0.39989330680978413)	(4.0, 0.3069616688525892)	(5.0, 0.23055701428159958)	(6.0, 0.1904893389841177)	(7.0, 0.17000781781249988)	(8.0, 0.13967725913759044)	(9.0, 0.126918278735599)	('>10', 2.3073608769075036)	('>50', 1.3743511082718198)	('>100', 3.081144539239972)	('>500', 2.421967858763988)	('>1k', 10.09977758306293)	('>5k', 5.195628431708014)	('>10k+', 70.37167141670064)
ERR3518728_1	(1.0, 1.674348471902524)	(2.0, 0.41525412999841615)	(3.0, 0.26253093671689315)	(4.0, 0.19119465915805625)	(5.0, 0.15243898500439618)	(6.0, 0.13719508650395656)	(7.0, 0.11538856051349718)	(8.0, 0.10272837362330156)	(9.0, 0.09022320942972059)	('>10', 1.8387242045462473)	('>50', 0.9627942944413252)	('>100', 2.385411744157776)	('>500', 1.266922988083147)	('>1k', 4.48798457834214)	('>5k', 2.4029551459913328)	('>10k+', 83.51390463158727)
ERR3518728_2	(1.0, 2.3165126406628165)	(2.0, 0.5497373041253352)	(3.0, 0.3317346534626506)	(4.0, 0.23991607855054334)	(5.0, 0.1944505289217739)	(6.0, 0.17051957428170625)	(7.0, 0.1414226363922946)	(8.0, 0.13310365778098315)	(9.0, 0.11253872928842443)	('>10', 2.1089644193166603)	('>50', 1.037779664092452)	('>100', 2.812770678103451)	('>500', 1.6520664791270863)	('>1k', 6.209678332609858)	('>5k', 5.0523327274827805)	('>10k+', 76.93647189580119)
ERR3518741_1	(1.0, 3.1064027891278387)	(2.0, 0.6745702471247115)	(3.0, 0.40628659952630963)	(4.0, 0.28942545790347823)	(5.0, 0.23261809498453953)	(6.0, 0.19891395126115743)	(7.0, 0.1689873874357768)	(8.0, 0.15088472774962328)	(9.0, 0.13592290360893122)	('>10', 2.1920270849689034)	('>50', 1.0660427102063172)	('>100', 3.557631856729072)	('>500', 1.716688561332665)	('>1k', 6.657143682294338)	('>5k', 6.098755443766402)	('>10k+', 73.34769850197993)
ERR3518741_2	(1.0, 5.9256989453036235)	(2.0, 1.0176487392184856)	(3.0, 0.5464069654658702)	(4.0, 0.38605588489284304)	(5.0, 0.3087626847845184)	(6.0, 0.2503880906404038)	(7.0, 0.21459821669604387)	(8.0, 0.17457261102409724)	(9.0, 0.1686084826035135)	('>10', 2.9368073355442177)	('>50', 1.7218570028690747)	('>100', 5.563165402150245)	('>500', 3.0567401642560017)	('>1k', 9.199026235385938)	('>5k', 7.315055522757498)	('>10k+', 61.214607716407635)
ERR3518742_1	(1.0, 2.65868134432214)	(2.0, 0.5907820892220139)	(3.0, 0.36605381379171875)	(4.0, 0.2724443130618355)	(5.0, 0.2195310776268806)	(6.0, 0.19631235540174255)	(7.0, 0.16263078707367185)	(8.0, 0.14064253271018604)	(9.0, 0.13023316403761692)	('>10', 2.277651882294887)	('>50', 1.1126577410094076)	('>100', 3.625324033471686)	('>500', 1.873448721315724)	('>1k', 6.031681962423301)	('>5k', 5.661641344440907)	('>10k+', 74.68028283779628)
ERR3518742_2	(1.0, 3.261061298489354)	(2.0, 0.657439391515456)	(3.0, 0.3950034358779864)	(4.0, 0.27731256245681546)	(5.0, 0.2345997140055758)	(6.0, 0.19728129519124654)	(7.0, 0.17067677287870153)	(8.0, 0.15360499772918798)	(9.0, 0.12990872493687736)	('>10', 2.2158888042728417)	('>50', 1.0294063241967273)	('>100', 2.81472164206205)	('>500', 1.1380953894823875)	('>1k', 4.304598288062744)	('>5k', 4.449847982068609)	('>10k+', 78.57055337677345)
ERR3518753_1	(1.0, 2.9226082995236045)	(2.0, 0.6613320899016595)	(3.0, 0.40217712249916265)	(4.0, 0.2859699327171947)	(5.0, 0.23322388170383)	(6.0, 0.19948843456192578)	(7.0, 0.1707076328018832)	(8.0, 0.15668735769846617)	(9.0, 0.13495258330818263)	('>10', 2.3183106911223206)	('>50', 1.1215343691673176)	('>100', 3.379031437592777)	('>500', 1.4564564529904744)	('>1k', 6.391004965251016)	('>5k', 5.781795556705396)	('>10k+', 74.3847191924548)
ERR3518753_2	(1.0, 6.332426744200202)	(2.0, 1.1534345418742724)	(3.0, 0.6280246984356372)	(4.0, 0.4565861962095594)	(5.0, 0.36483594600007296)	(6.0, 0.3008116823203447)	(7.0, 0.2795588532843863)	(8.0, 0.25201051796580937)	(9.0, 0.21788301336788632)	('>10', 3.866029723415687)	('>50', 2.0484029277954714)	('>100', 5.942056327720691)	('>500', 3.1419216716349605)	('>1k', 9.561403986017671)	('>5k', 7.314970093035443)	('>10k+', 58.13964307672192)
ERR3518754_1	(1.0, 2.573685537877605)	(2.0, 0.6042099097402497)	(3.0, 0.3632079672671689)	(4.0, 0.2740316976354663)	(5.0, 0.2277072916066137)	(6.0, 0.18908187136847177)	(7.0, 0.16213542110098425)	(8.0, 0.15345775067586115)	(9.0, 0.13388405798761355)	('>10', 2.406552893198895)	('>50', 1.2038473459695214)	('>100', 3.6071705798748557)	('>500', 1.4288143205997803)	('>1k', 6.050880866360274)	('>5k', 5.2512955200453595)	('>10k+', 75.37003696869128)
ERR3518754_2	(1.0, 3.5752876306070567)	(2.0, 0.7225294706681964)	(3.0, 0.42867807198986096)	(4.0, 0.313140305781647)	(5.0, 0.25992512990370925)	(6.0, 0.21387681026979075)	(7.0, 0.1897835941268762)	(8.0, 0.1568945717395704)	(9.0, 0.15479611011073244)	('>10', 2.46090012828379)	('>50', 1.1604657635473443)	('>100', 2.940904156006062)	('>500', 1.2747989704763056)	('>1k', 3.3043274009366663)	('>5k', 5.222193656652731)	('>10k+', 77.62149822889965)
ERR3518769_1	(1.0, 2.8138407670221475)	(2.0, 0.6107424635900772)	(3.0, 0.3747841379819135)	(4.0, 0.27025073232240737)	(5.0, 0.22154841370569206)	(6.0, 0.18570934500662784)	(7.0, 0.16026036174477165)	(8.0, 0.13615452431731323)	(9.0, 0.12145602453305783)	('>10', 2.179503862746082)	('>50', 1.1888307076965405)	('>100', 3.0863411301372783)	('>500', 1.5841429913678307)	('>1k', 5.99824860201618)	('>5k', 6.437283908437517)	('>10k+', 74.63090202737456)
ERR3518769_2	(1.0, 5.832563081007482)	(2.0, 1.0682808397858725)	(3.0, 0.5945835864138675)	(4.0, 0.43231838118768884)	(5.0, 0.35003403795937293)	(6.0, 0.27904527798179724)	(7.0, 0.2509870637297525)	(8.0, 0.23218802692833226)	(9.0, 0.19329957149760812)	('>10', 3.7527391904528273)	('>50', 1.9632043840200446)	('>100', 5.834054538787274)	('>500', 3.19568218682255)	('>1k', 9.045157703587499)	('>5k', 6.039359774537949)	('>10k+', 60.93650235530008)
ERR3518770_1	(1.0, 2.505769417918287)	(2.0, 0.5679340388388138)	(3.0, 0.3351332800227699)	(4.0, 0.24788686901354554)	(5.0, 0.19598162359827265)	(6.0, 0.17666658075889236)	(7.0, 0.1426922383052592)	(8.0, 0.14546051806074042)	(9.0, 0.12032579618995069)	('>10', 2.2439424036134805)	('>50', 1.2609199708972012)	('>100', 3.3396464054676436)	('>500', 1.9675862939327704)	('>1k', 5.392671879126403)	('>5k', 5.823611246971144)	('>10k+', 75.53377143728483)
ERR3518770_2	(1.0, 3.174555807778899)	(2.0, 0.6414071796117078)	(3.0, 0.37074327756283865)	(4.0, 0.26556898278005897)	(5.0, 0.2216025489018962)	(6.0, 0.18996771694935083)	(7.0, 0.15278176900387874)	(8.0, 0.12535821448917311)	(9.0, 0.13028838474839158)	('>10', 2.1914449790434456)	('>50', 1.234866339321704)	('>100', 2.9509424178298036)	('>500', 1.3205319728704177)	('>1k', 3.189223512905917)	('>5k', 4.64908774972635)	('>10k+', 79.19162914647616)
ERR3518780_1	(1.0, 2.007992711004747)	(2.0, 0.5291348202875328)	(3.0, 0.31284343168915624)	(4.0, 0.22946050945636234)	(5.0, 0.1816651222055192)	(6.0, 0.15738090704349017)	(7.0, 0.13546913441650016)	(8.0, 0.11153145580453298)	(9.0, 0.10891910335022031)	('>10', 1.8559697921583673)	('>50', 0.8920117365169903)	('>100', 3.0374195179501235)	('>500', 1.482483361164746)	('>1k', 4.914901232870025)	('>5k', 3.0312085167067067)	('>10k+', 81.01160864737497)
ERR3518780_2	(1.0, 2.5409448130502996)	(2.0, 0.6020225019003936)	(3.0, 0.35931581608611335)	(4.0, 0.2619904248371923)	(5.0, 0.21104463834312237)	(6.0, 0.16927369674025064)	(7.0, 0.14949447311961)	(8.0, 0.12754628013678337)	(9.0, 0.11445572337525313)	('>10', 1.9878450349077272)	('>50', 0.9740867247235613)	('>100', 3.397785979463256)	('>500', 1.9355361298850748)	('>1k', 5.743848368032736)	('>5k', 4.357395774815105)	('>10k+', 77.06741362058352)
ERR3518791_1	(1.0, 2.272260169133174)	(2.0, 0.5807456233835652)	(3.0, 0.3396693658304533)	(4.0, 0.2500971987167547)	(5.0, 0.2018781712667124)	(6.0, 0.17632505901424264)	(7.0, 0.14502035038691688)	(8.0, 0.1417010211357562)	(9.0, 0.11846571637763138)	('>10', 2.0423317814059625)	('>50', 1.0077598066153193)	('>100', 2.9018663680125547)	('>500', 1.520968169715034)	('>1k', 5.0742242883605355)	('>5k', 3.0546699731952964)	('>10k+', 80.17201693745008)
ERR3518791_2	(1.0, 2.8274069881168007)	(2.0, 0.6394562640826047)	(3.0, 0.3815943744049264)	(4.0, 0.27668777508694486)	(5.0, 0.22168970750726116)	(6.0, 0.18938995957285815)	(7.0, 0.16482808192563875)	(8.0, 0.14350458871056432)	(9.0, 0.11380577059155524)	('>10', 2.123344467899756)	('>50', 1.0367253681992907)	('>100', 3.0996194607194707)	('>500', 2.2585210053671014)	('>1k', 6.460809097537128)	('>5k', 3.756791998743255)	('>10k+', 76.30582509153486)
ERR3518798_1	(1.0, 2.3117260283734598)	(2.0, 0.5828088419990068)	(3.0, 0.3575816535146449)	(4.0, 0.26331528125850967)	(5.0, 0.21328341401547762)	(6.0, 0.1851646656386902)	(7.0, 0.15286126689756824)	(8.0, 0.1233299636701328)	(9.0, 0.1267809397177833)	('>10', 2.135248999450377)	('>50', 1.1117517344328507)	('>100', 2.9413064867770062)	('>500', 1.2737778885389333)	('>1k', 8.069683187096977)	('>5k', 4.561285160948682)	('>10k+', 75.5900944876699)
ERR3518798_2	(1.0, 2.8679992106157175)	(2.0, 0.6748533535261949)	(3.0, 0.4029288033685839)	(4.0, 0.29038415552162095)	(5.0, 0.232842674921764)	(6.0, 0.19374639114357423)	(7.0, 0.16673029957563304)	(8.0, 0.1522836297022618)	(9.0, 0.1170914731715896)	('>10', 2.311425276557527)	('>50', 1.2822930460515771)	('>100', 3.1997649096122265)	('>500', 1.8639322116974082)	('>1k', 9.396703853878202)	('>5k', 5.831240212838765)	('>10k+', 71.01578049781736)
ERR3518807_1	(1.0, 1.9126835711850487)	(2.0, 0.4582055566376481)	(3.0, 0.2832559321723014)	(4.0, 0.19192343559253888)	(5.0, 0.15605424981432164)	(6.0, 0.1252510042353007)	(7.0, 0.11290641432461555)	(8.0, 0.10760755733465165)	(9.0, 0.09747567693625912)	('>10', 1.8054545036353942)	('>50', 1.0340923218106486)	('>100', 2.318453735301131)	('>500', 1.3804687042809813)	('>1k', 5.186794899005824)	('>5k', 4.731064083270082)	('>10k+', 80.09830835446326)
ERR3518807_2	(1.0, 2.1479295298603693)	(2.0, 0.49605453513739034)	(3.0, 0.30290828639332135)	(4.0, 0.21148844601702096)	(5.0, 0.16653550539886564)	(6.0, 0.14341851391517696)	(7.0, 0.1228927217287783)	(8.0, 0.11226589315000451)	(9.0, 0.09799973971548633)	('>10', 1.8028050751404123)	('>50', 0.948728317994307)	('>100', 2.2543433886423365)	('>500', 1.1296173206242286)	('>1k', 4.694321459526487)	('>5k', 3.345325636597982)	('>10k+', 82.02336563015783)
ERR3518820_1	(1.0, 2.3380658380648236)	(2.0, 0.602846962651673)	(3.0, 0.353869292782882)	(4.0, 0.26502532193466954)	(5.0, 0.20477357639431928)	(6.0, 0.17932937030617407)	(7.0, 0.15127103345554818)	(8.0, 0.13918794015341532)	(9.0, 0.12207990660784734)	('>10', 2.203363682002875)	('>50', 1.2179235222397449)	('>100', 2.8279376129542295)	('>500', 1.7348533575716172)	('>1k', 8.016609579812672)	('>5k', 5.1230572847201765)	('>10k+', 74.51980571834734)
ERR3518820_2	(1.0, 2.8349114920456846)	(2.0, 0.6454242683438947)	(3.0, 0.3874511925860392)	(4.0, 0.28178634809871933)	(5.0, 0.22469610794629255)	(6.0, 0.18653481463216498)	(7.0, 0.15968381738484394)	(8.0, 0.13976568850704446)	(9.0, 0.11910265482410931)	('>10', 2.207287943618934)	('>50', 1.1508903465788751)	('>100', 2.7788297769780983)	('>500', 1.422498959273524)	('>1k', 6.984105384832079)	('>5k', 4.463505486661223)	('>10k+', 76.01352571768847)
ERR4223600_1	(1.0, 6.530236257908788)	(2.0, 1.4532970047178437)	(3.0, 0.9216252788647917)	(4.0, 0.6976191346962659)	(5.0, 0.5234429287203306)	(6.0, 0.559558205025052)	(7.0, 0.42081154225944484)	(8.0, 0.3858391544453791)	(9.0, 0.33326628387521484)	('>10', 6.667382876787478)	('>50', 3.1294572651135577)	('>100', 10.262224335296054)	('>500', 7.317000694876202)	('>1k', 13.230077167830888)	('>5k', 9.716837947555133)	('>10k+', 37.851323922027575)
ERR4223600_2	(1.0, 8.309027904765388)	(2.0, 1.1012873495958746)	(3.0, 0.6356745785027247)	(4.0, 0.47269867973521557)	(5.0, 0.37372453644442816)	(6.0, 0.33326628387521484)	(7.0, 0.28160772409757523)	(8.0, 0.2779504809274769)	(9.0, 0.2221775225834766)	('>10', 4.310289653659072)	('>50', 1.52621329042168)	('>100', 5.378890392422192)	('>500', 2.1223439271477162)	('>1k', 9.96484475002743)	('>5k', 8.748811395969717)	('>10k+', 55.94119152982482)
ERR4223601_1	(1.0, 7.6722235727509025)	(2.0, 1.309441442115302)	(3.0, 0.7741645941245769)	(4.0, 0.5450941526263627)	(5.0, 0.4709968771621445)	(6.0, 0.39689960169792626)	(7.0, 0.3583316192007779)	(8.0, 0.3122837855526675)	(9.0, 0.2945191390691325)	('>10', 5.142865156983376)	('>50', 2.602754455186342)	('>100', 8.469996447070702)	('>500', 4.125371655104063)	('>1k', 9.322465732931914)	('>5k', 8.37135591001739)	('>10k+', 49.83123585840642)
ERR4223601_2	(1.0, 10.052452456196121)	(2.0, 1.1874263702152328)	(3.0, 0.6851076163584345)	(4.0, 0.49086523178188757)	(5.0, 0.4032107261065505)	(6.0, 0.3590328552461806)	(7.0, 0.2879742693120407)	(8.0, 0.26179479028367336)	(9.0, 0.258756100753595)	('>10', 3.9418815565570244)	('>50', 1.5291620696748136)	('>100', 5.200366512706397)	('>500', 2.3178188754043796)	('>1k', 10.397928081231184)	('>5k', 7.327215438412775)	('>10k+', 55.29900704975971)
ERR4223602_1	(1.0, 6.851214815776379)	(2.0, 1.5741762402371215)	(3.0, 1.000843772311287)	(4.0, 0.745981263927652)	(5.0, 0.5646783929382748)	(6.0, 0.481599273057701)	(7.0, 0.4709980311979403)	(8.0, 0.39289500443521347)	(9.0, 0.43421821250081133)	('>10', 6.708206226606954)	('>50', 3.7694987127063455)	('>100', 11.856731788580948)	('>500', 6.626208866099825)	('>1k', 15.496635728348588)	('>5k', 8.776530148633737)	('>10k+', 34.249583522641224)
ERR4223602_2	(1.0, 8.088098483373358)	(2.0, 1.158780640834253)	(3.0, 0.6905951840072694)	(4.0, 0.5547262067025811)	(5.0, 0.37212522446506996)	(6.0, 0.3465957032517687)	(7.0, 0.2907769195820082)	(8.0, 0.27693039960191257)	(9.0, 0.2414486921529175)	('>10', 4.200471647086822)	('>50', 1.9856775058955884)	('>100', 4.416174466151749)	('>500', 4.221674130806343)	('>1k', 10.985915492957748)	('>5k', 5.965686592674325)	('>10k+', 56.20432271045629)
ERR4223603_1	(1.0, 7.933907414437274)	(2.0, 1.3555062724909481)	(3.0, 0.8045127303483781)	(4.0, 0.6207002191098413)	(5.0, 0.48617077247873836)	(6.0, 0.44754350562426326)	(7.0, 0.39626247893814975)	(8.0, 0.3480893932633159)	(9.0, 0.3116820842740405)	('>10', 5.727491292215274)	('>50', 2.8355521812196005)	('>100', 8.724434410234894)	('>500', 5.081039561869115)	('>1k', 12.746332074617223)	('>5k', 9.186185646196435)	('>10k+', 42.994589962682504)
ERR4223603_2	(1.0, 10.00912402682597)	(2.0, 1.2271927078824045)	(3.0, 0.7186003609651489)	(4.0, 0.5301259382096928)	(5.0, 0.4029223525337489)	(6.0, 0.3622971236005941)	(7.0, 0.2843766025320839)	(8.0, 0.2699468764082858)	(9.0, 0.22976563904817085)	('>10', 4.054531045000766)	('>50', 1.7633125323281362)	('>100', 4.527382070288306)	('>500', 4.057638986012045)	('>1k', 11.574638313364813)	('>5k', 4.897893037990139)	('>10k+', 55.0902523870097)
ERR4223604_1	(1.0, 6.5553652173693004)	(2.0, 1.4362239153042866)	(3.0, 0.8600643213740787)	(4.0, 0.6720596756603568)	(5.0, 0.6237300830206248)	(6.0, 0.5268178632247225)	(7.0, 0.4233267460014221)	(8.0, 0.3724668081973062)	(9.0, 0.3461512184877139)	('>10', 6.53993011186656)	('>50', 3.3592862402360306)	('>100', 11.446016351090451)	('>500', 6.24792827989666)	('>1k', 12.004716563386411)	('>5k', 9.923760700197114)	('>10k+', 38.662155904686955)
ERR4223604_2	(1.0, 8.63277859732846)	(2.0, 1.1158822174932883)	(3.0, 0.6535881559603546)	(4.0, 0.5080933090082818)	(5.0, 0.39346867306169236)	(6.0, 0.3567786681781262)	(7.0, 0.2816274167959251)	(8.0, 0.25505879256989444)	(9.0, 0.23456299673838507)	('>10', 4.329420576260808)	('>50', 1.831716864497486)	('>100', 4.514894876810146)	('>500', 3.139146210934633)	('>1k', 9.952100566038213)	('>5k', 10.014853126114934)	('>10k+', 53.78602895220938)
ERR4223605_1	(1.0, 7.695866067553555)	(2.0, 1.2702999810286624)	(3.0, 0.7804236585575027)	(4.0, 0.559264639765483)	(5.0, 0.44439708828948704)	(6.0, 0.4085334636205109)	(7.0, 0.38384473649331713)	(8.0, 0.3222528593444234)	(9.0, 0.29470543749723876)	('>10', 5.301319417553945)	('>50', 2.8087975030601027)	('>100', 8.279819434446232)	('>500', 5.3122344337575464)	('>1k', 10.289481822599802)	('>5k', 7.422990662463519)	('>10k+', 48.42576879396868)
ERR4223605_2	(1.0, 10.39187506984311)	(2.0, 1.178821749988955)	(3.0, 0.6736124285651172)	(4.0, 0.5176836256565253)	(5.0, 0.42750480130772284)	(6.0, 0.35863624668976146)	(7.0, 0.2910670987627049)	(8.0, 0.30769950440628807)	(9.0, 0.24792679662466116)	('>10', 3.9457783576019185)	('>50', 1.836321535586851)	('>100', 4.385237700465967)	('>500', 3.2960750121494526)	('>1k', 9.249436707199493)	('>5k', 9.990878165029846)	('>10k+', 52.90144520012162)
ERR4223606_1	(1.0, 6.808722832366428)	(2.0, 1.4945087021563834)	(3.0, 0.9887984821395993)	(4.0, 0.7200107028617994)	(5.0, 0.577711290302964)	(6.0, 0.4641150071149706)	(7.0, 0.437601099475803)	(8.0, 0.3989248488828888)	(9.0, 0.4006275768964133)	('>10', 6.932778730494643)	('>50', 3.5925128616776734)	('>100', 10.26307147808954)	('>500', 7.775142603471133)	('>1k', 14.92611376655599)	('>5k', 5.239780591333115)	('>10k+', 38.97957942618066)
ERR4223606_2	(1.0, 8.422179248610453)	(2.0, 1.144233225088481)	(3.0, 0.6509285948845186)	(4.0, 0.4495201955704747)	(5.0, 0.36365405431702363)	(6.0, 0.3794651001568942)	(7.0, 0.3167074105155617)	(8.0, 0.25103075856533)	(9.0, 0.23424672528915969)	('>10', 3.9846267985064645)	('>50', 1.8627844467958308)	('>100', 5.030831539387748)	('>500', 4.555283929896255)	('>1k', 11.400493791123923)	('>5k', 5.607813089113487)	('>10k+', 55.34620109217839)
ERR4223607_1	(1.0, 7.887493676912547)	(2.0, 1.3226411164340761)	(3.0, 0.8167941202725623)	(4.0, 0.5931303994207556)	(5.0, 0.4884895011951875)	(6.0, 0.42996994673728683)	(7.0, 0.38533638825244737)	(8.0, 0.333263903353468)	(9.0, 0.3280566548635701)	('>10', 5.390989972327194)	('>50', 3.0794675712401185)	('>100', 7.817071840192023)	('>500', 5.0931849515477925)	('>1k', 13.421063072177422)	('>5k', 3.5374574741373324)	('>10k+', 49.07558941093622)
ERR4223607_2	(1.0, 10.020977772487875)	(2.0, 1.234365856319616)	(3.0, 0.7223197548129854)	(4.0, 0.505846996161514)	(5.0, 0.420299342398905)	(6.0, 0.33921504448477996)	(7.0, 0.29160591543428455)	(8.0, 0.2697850646194741)	(9.0, 0.24102121581813316)	('>10', 3.8067466103291974)	('>50', 1.8242727209609109)	('>100', 4.881671477172414)	('>500', 4.622796837960346)	('>1k', 10.602701818073616)	('>5k', 5.573987562115035)	('>10k+', 54.64238601085092)
ERR4223608_1	(1.0, 6.382124981520981)	(2.0, 1.3709671742237053)	(3.0, 0.8843530231674094)	(4.0, 0.6342703075612623)	(5.0, 0.5367714866986266)	(6.0, 0.49101391734071087)	(7.0, 0.4200896848359415)	(8.0, 0.404074535560671)	(9.0, 0.32470275178982494)	('>10', 5.835146037042512)	('>50', 3.0884599410079336)	('>100', 11.772366651883452)	('>500', 4.073655607414134)	('>1k', 13.322844290511288)	('>5k', 14.015191513026828)	('>10k+', 36.44396809641472)
ERR4223608_2	(1.0, 8.47166198531534)	(2.0, 1.0246175723145587)	(3.0, 0.6441257840383519)	(4.0, 0.4920698612489704)	(5.0, 0.37046032114774063)	(6.0, 0.32100694811091635)	(7.0, 0.3030559016705033)	(8.0, 0.282992967413571)	(9.0, 0.2787691917805326)	('>10', 4.2162080350291795)	('>50', 2.062610434133739)	('>100', 3.8777780124319796)	('>500', 1.6701512815639235)	('>1k', 8.340548950039773)	('>5k', 9.042751649032404)	('>10k+', 58.601191104728514)
ERR4223609_1	(1.0, 7.534034597792565)	(2.0, 1.2041212182280776)	(3.0, 0.772458516116727)	(4.0, 0.5649941161440771)	(5.0, 0.48762231043007925)	(6.0, 0.3983748322111422)	(7.0, 0.3778623069753382)	(8.0, 0.35411096196545977)	(9.0, 0.28339673023150364)	('>10', 4.930023499436805)	('>50', 2.5574080804954673)	('>100', 8.572616138679065)	('>500', 3.2724675128383214)	('>1k', 8.858172082093285)	('>5k', 10.552794561661731)	('>10k+', 49.279542534700354)
ERR4223609_2	(1.0, 10.210199403337423)	(2.0, 1.1584178725272511)	(3.0, 0.6569406108414093)	(4.0, 0.5088545733934554)	(5.0, 0.44443804677575494)	(6.0, 0.3346780433210138)	(7.0, 0.33503791218479984)	(8.0, 0.2907740419391174)	(9.0, 0.2558667621518719)	('>10', 4.005700322802371)	('>50', 1.6931830041133011)	('>100', 4.042766815772333)	('>500', 1.4997534898283065)	('>1k', 8.203750553298377)	('>5k', 10.49899416652572)	('>10k+', 55.8606443811875)
ERR4223610_1	(1.0, 7.014288663104057)	(2.0, 1.6100548152565306)	(3.0, 0.9873626751680008)	(4.0, 0.7275062498566546)	(5.0, 0.6330130042888925)	(6.0, 0.5201715556982638)	(7.0, 0.4993004747597532)	(8.0, 0.46971399738538105)	(9.0, 0.39425701245384276)	('>10', 7.120249535561111)	('>50', 3.121946744340726)	('>100', 12.358890851127267)	('>500', 7.334694158390863)	('>1k', 13.912983647164056)	('>5k', 4.740258250957547)	('>10k+', 38.555308364487054)
ERR4223610_2	(1.0, 9.076626682874247)	(2.0, 1.2366688837411985)	(3.0, 0.712139629825004)	(4.0, 0.5220063760005504)	(5.0, 0.4380633471709364)	(6.0, 0.3522854980390358)	(7.0, 0.3291208917226669)	(8.0, 0.27705786564528334)	(9.0, 0.23118735808811725)	('>10', 4.809293364831082)	('>50', 1.7786289305291163)	('>100', 5.695970275911103)	('>500', 4.174904245315474)	('>1k', 12.24490263984771)	('>5k', 4.906997545927846)	('>10k+', 53.21414646453063)
ERR4223611_1	(1.0, 8.003623928253731)	(2.0, 1.409201116282563)	(3.0, 0.8153838570895444)	(4.0, 0.6600055861070232)	(5.0, 0.48819758858556483)	(6.0, 0.44501087882607254)	(7.0, 0.3893845189728135)	(8.0, 0.3379829459438526)	(9.0, 0.3823432075989832)	('>10', 5.7816207690520285)	('>50', 2.7078536439959913)	('>100', 9.77357489725553)	('>500', 5.029843424706084)	('>1k', 10.464092832649152)	('>5k', 7.752953243345375)	('>10k+', 45.558927561335686)
ERR4223611_2	(1.0, 10.80770882769207)	(2.0, 1.323297117521834)	(3.0, 0.7118765798942395)	(4.0, 0.5501611286752712)	(5.0, 0.44008196086439144)	(6.0, 0.3548820932410452)	(7.0, 0.3154507495475958)	(8.0, 0.32296148167968136)	(9.0, 0.24292524239714405)	('>10', 4.41631049366634)	('>50', 1.7814517775790562)	('>100', 5.445046085382941)	('>500', 4.2839338398383315)	('>1k', 11.84465928267814)	('>5k', 4.768376062357853)	('>10k+', 52.39087727698406)
ERR4223612_1	(1.0, 7.132137477748871)	(2.0, 1.6267287416130358)	(3.0, 0.9669998630699712)	(4.0, 0.8544433794331097)	(5.0, 0.6572641380254689)	(6.0, 0.6046830069834315)	(7.0, 0.4562508558126797)	(8.0, 0.4557031356976585)	(9.0, 0.39928796385047244)	('>10', 7.318636176913597)	('>50', 3.392852252498973)	('>100', 11.131315897576338)	('>500', 7.504039435848281)	('>1k', 16.078871696563056)	('>5k', 7.403258934684375)	('>10k+', 34.01752704368068)
ERR4223612_2	(1.0, 8.842667396960154)	(2.0, 1.1786936875256744)	(3.0, 0.7583184992468848)	(4.0, 0.4611803368478707)	(5.0, 0.3779268793646447)	(6.0, 0.31712994659728877)	(7.0, 0.27605093797069696)	(8.0, 0.2453786115295084)	(9.0, 0.23415034917157332)	('>10', 4.106805422429138)	('>50', 1.9712446939613857)	('>100', 6.293030261536354)	('>500', 4.258523894290018)	('>1k', 15.075996165959197)	('>5k', 5.229083938107627)	('>10k+', 50.37381897850198)
ERR4223613_1	(1.0, 8.133815097445627)	(2.0, 1.4430602251642695)	(3.0, 0.873034695386504)	(4.0, 0.6517766214199021)	(5.0, 0.5301265328329683)	(6.0, 0.43860995242811907)	(7.0, 0.4003850392712155)	(8.0, 0.37276265677097137)	(9.0, 0.3013350818208451)	('>10', 5.722855428914217)	('>50', 2.721223197221021)	('>100', 8.444357640099886)	('>500', 7.2147430978920495)	('>1k', 14.300023716186997)	('>5k', 5.893053947350064)	('>10k+', 42.55883706979534)
ERR4223613_2	(1.0, 10.55705138042159)	(2.0, 1.2856963491022726)	(3.0, 0.704789274703199)	(4.0, 0.5747687671767971)	(5.0, 0.41852094697339604)	(6.0, 0.35490576303343985)	(7.0, 0.32812042242714246)	(8.0, 0.27231762949735633)	(9.0, 0.2435791911385165)	('>10', 3.7346019168259375)	('>50', 1.710634617262594)	('>100', 6.452197932506522)	('>500', 4.076673037485526)	('>1k', 14.626749068790893)	('>5k', 7.949386866812684)	('>10k+', 46.71000683584213)
ERR4223614_1	(1.0, 5.835741028841058)	(2.0, 1.2522865983963893)	(3.0, 0.7622706990580069)	(4.0, 0.5992170003248252)	(5.0, 0.4573196792778623)	(6.0, 0.4269741678491443)	(7.0, 0.3320910194382234)	(8.0, 0.34363086181252456)	(9.0, 0.3558118065409536)	('>10', 6.213136614637649)	('>50', 2.665703588463577)	('>100', 8.824560203785069)	('>500', 7.746867146496161)	('>1k', 13.65377053664541)	('>5k', 5.6780298497256085)	('>10k+', 44.852589198707534)
ERR4223614_2	(1.0, 7.785546988528543)	(2.0, 0.9659275468859521)	(3.0, 0.5955840869847674)	(4.0, 0.4402236165011198)	(5.0, 0.34298975945839677)	(6.0, 0.31285794881438805)	(7.0, 0.2468244063392201)	(8.0, 0.22395842237532695)	(9.0, 0.20579385567503802)	('>10', 3.840203101225788)	('>50', 1.8179525755218573)	('>100', 4.052407980442104)	('>500', 3.283939958627528)	('>1k', 9.121604294530968)	('>5k', 5.441249380267724)	('>10k+', 61.322936077821275)
ERR4223615_1	(1.0, 6.931929011904002)	(2.0, 1.1236919798246212)	(3.0, 0.7086921009121191)	(4.0, 0.4896338093906657)	(5.0, 0.44582215108637496)	(6.0, 0.36854631156473666)	(7.0, 0.292811585651792)	(8.0, 0.25186199547793237)	(9.0, 0.2635304270866128)	('>10', 4.908887161863163)	('>50', 2.276004640953553)	('>100', 6.336178522600432)	('>500', 5.240666905906208)	('>1k', 11.045601551681244)	('>5k', 6.729822970078178)	('>10k+', 52.58631887401837)
ERR4223615_2	(1.0, 9.51285398829194)	(2.0, 1.0805407987811992)	(3.0, 0.6274533978252685)	(4.0, 0.45528899182549315)	(5.0, 0.388580788477754)	(6.0, 0.30910335808655337)	(7.0, 0.2866471312170174)	(8.0, 0.2254429050431842)	(9.0, 0.2298460867823089)	('>10', 3.6220572986039716)	('>50', 1.7377156733455597)	('>100', 3.753492273516843)	('>500', 3.0271874456482255)	('>1k', 10.020540842813016)	('>5k', 4.435104806733346)	('>10k+', 60.28814421300832)
ERR4223616_1	(1.0, 6.620830709067488)	(2.0, 1.4488141975891136)	(3.0, 0.9177432557282145)	(4.0, 0.6960979452821369)	(5.0, 0.5541132761151941)	(6.0, 0.4489963417551236)	(7.0, 0.4132258609603606)	(8.0, 0.372188560907473)	(9.0, 0.3357597277054444)	('>10', 6.748989977681854)	('>50', 3.2713531117026533)	('>100', 10.492162314591504)	('>500', 7.45913277431899)	('>1k', 15.058494611385548)	('>5k', 4.574451976483652)	('>10k+', 40.587645358725254)
ERR4223616_2	(1.0, 8.576356809448674)	(2.0, 1.1218325019805435)	(3.0, 0.6471604163420625)	(4.0, 0.46172448829559143)	(5.0, 0.3983032063956742)	(6.0, 0.31732586030200816)	(7.0, 0.32259267956013277)	(8.0, 0.2440292922931073)	(9.0, 0.1935556077360797)	('>10', 3.8340249691123)	('>50', 2.0516455518419603)	('>100', 5.091697517791974)	('>500', 3.85421444293511)	('>1k', 14.581408566920425)	('>5k', 2.911892697335648)	('>10k+', 55.39223539170871)
ERR4223617_1	(1.0, 7.678149304365086)	(2.0, 1.316383059350019)	(3.0, 0.7869877474421206)	(4.0, 0.5675153833661151)	(5.0, 0.46465885919483196)	(6.0, 0.3640579605536207)	(7.0, 0.3063139469837775)	(8.0, 0.37533608820398073)	(9.0, 0.31465976144504393)	('>10', 5.174630528538175)	('>50', 2.6889311943988305)	('>100', 7.41446667989967)	('>500', 5.662973455798762)	('>1k', 14.295252359384305)	('>5k', 3.0847934749264665)	('>10k+', 49.5048901961492)
ERR4223617_2	(1.0, 10.261517223956549)	(2.0, 1.1932259054080878)	(3.0, 0.7030784777234422)	(4.0, 0.5106736200083007)	(5.0, 0.40714040817799596)	(6.0, 0.3099229478318927)	(7.0, 0.26526156233646714)	(8.0, 0.24360755724777594)	(9.0, 0.22533699045419278)	('>10', 3.7959922045581678)	('>50', 1.7007416496742878)	('>100', 4.795459876933071)	('>500', 3.8717812223685875)	('>1k', 14.373973690383817)	('>5k', 2.893290867423354)	('>10k+', 54.44899579551401)
ERR4223618_1	(1.0, 6.919712404061353)	(2.0, 1.5697429664812308)	(3.0, 0.9575432095535509)	(4.0, 0.7772606082516155)	(5.0, 0.586275213996399)	(6.0, 0.4823392024278691)	(7.0, 0.45950657746086937)	(8.0, 0.4471389056037446)	(9.0, 0.3981438978620576)	('>10', 6.8098303964076665)	('>50', 3.257692335135366)	('>100', 12.351498747773224)	('>500', 5.91222282739249)	('>1k', 17.65675429479297)	('>5k', 7.292169598835536)	('>10k+', 34.12216881396405)
ERR4223618_2	(1.0, 9.030065334604984)	(2.0, 1.1459123655312986)	(3.0, 0.6899733857215229)	(4.0, 0.5850860147793678)	(5.0, 0.42692251891421357)	(6.0, 0.37531127289505795)	(7.0, 0.35295432761487067)	(8.0, 0.325364905779746)	(9.0, 0.2761320581946529)	('>10', 4.3134634000156975)	('>50', 1.6422841187201362)	('>100', 5.415137554673434)	('>500', 2.649773695388999)	('>1k', 12.864757129843907)	('>5k', 7.863936582384154)	('>10k+', 52.04292533493796)
ERR4223619_1	(1.0, 7.986780299421821)	(2.0, 1.3976926590602092)	(3.0, 0.8866872339022299)	(4.0, 0.5911248226014866)	(5.0, 0.5056315631343294)	(6.0, 0.44261081758425364)	(7.0, 0.3642012853300895)	(8.0, 0.33024824799884706)	(9.0, 0.3429501036911104)	('>10', 5.423692380596449)	('>50', 2.5928884264110663)	('>100', 8.982654638986393)	('>500', 3.87357745322908)	('>1k', 12.005452027289449)	('>5k', 11.434357054048839)	('>10k+', 42.83945098671435)
ERR4223619_2	(1.0, 10.847384761192899)	(2.0, 1.27849062871743)	(3.0, 0.766508137736969)	(4.0, 0.5706064403293689)	(5.0, 0.42135963594527454)	(6.0, 0.3839868682353459)	(7.0, 0.323164520785854)	(8.0, 0.27162429864993926)	(9.0, 0.2879901511765094)	('>10', 3.876020117785285)	('>50', 1.654416703917301)	('>100', 5.411967590726668)	('>500', 2.129270693643454)	('>1k', 12.767074835914007)	('>5k', 10.442879510685437)	('>10k+', 48.56725510455826)
ERR4223620_1	(1.0, 6.338582264139067)	(2.0, 1.3617146274168335)	(3.0, 0.8573137084168231)	(4.0, 0.6714155327787161)	(5.0, 0.5465742071526736)	(6.0, 0.4859369918485958)	(7.0, 0.3950860775694758)	(8.0, 0.3457789993810388)	(9.0, 0.3625643877005067)	('>10', 6.090158517010942)	('>50', 3.3996705867542305)	('>100', 11.474281637834265)	('>500', 5.541486136318334)	('>1k', 13.560075953882144)	('>5k', 13.289831201938712)	('>10k+', 35.27952916985764)
ERR4223620_2	(1.0, 8.573346901522225)	(2.0, 1.0385959022670765)	(3.0, 0.6363760346618268)	(4.0, 0.4951689554243031)	(5.0, 0.3745239768781276)	(6.0, 0.3210205516098236)	(7.0, 0.2908068526347814)	(8.0, 0.28535160143095434)	(9.0, 0.23982123561439767)	('>10', 4.130464430713064)	('>50', 1.713997964771666)	('>100', 4.215020824372385)	('>500', 3.0710966104006463)	('>1k', 7.1946370684319305)	('>5k', 7.481877026048825)	('>10k+', 59.93789406321797)
ERR4223621_1	(1.0, 7.572205853889331)	(2.0, 1.2262629303855996)	(3.0, 0.7400159143207381)	(4.0, 0.5746360136777134)	(5.0, 0.47312845437536294)	(6.0, 0.414202455966795)	(7.0, 0.3643089098690295)	(8.0, 0.3096840792275103)	(9.0, 0.24968278887718015)	('>10', 4.899030086668531)	('>50', 2.4092991247123594)	('>100', 7.711348631153358)	('>500', 4.941181530785609)	('>1k', 8.370717649841932)	('>5k', 8.537818017591777)	('>10k+', 51.20647755865717)
ERR4223621_2	(1.0, 10.336781436159917)	(2.0, 1.151852728015656)	(3.0, 0.6845308501258092)	(4.0, 0.49807522742424565)	(5.0, 0.38065334738381473)	(6.0, 0.3754919460633562)	(7.0, 0.29807092625647863)	(8.0, 0.2632314673433837)	(9.0, 0.24000516140132047)	('>10', 3.832125422052087)	('>50', 1.4944407406610893)	('>100', 4.240736359921718)	('>500', 2.689090087958881)	('>1k', 7.138002967805759)	('>5k', 7.315211079808168)	('>10k+', 59.06170025161831)
ERR4223622_1	(1.0, 6.568312619399228)	(2.0, 1.4464019426690982)	(3.0, 0.8896672841900367)	(4.0, 0.7362099161886683)	(5.0, 0.5745617310569286)	(6.0, 0.5232486707990142)	(7.0, 0.389545626465012)	(8.0, 0.39123197116832364)	(9.0, 0.4032772904776933)	('>10', 6.75646050701158)	('>50', 2.7781324455129983)	('>100', 11.132284105719359)	('>500', 8.134685942389646)	('>1k', 10.826332995261371)	('>5k', 7.280672803355344)	('>10k+', 41.1689741483357)
ERR4223622_2	(1.0, 8.536758700936403)	(2.0, 1.1462325854796085)	(3.0, 0.6128658464607238)	(4.0, 0.43363149513730465)	(5.0, 0.395086473347322)	(6.0, 0.35557782601258975)	(7.0, 0.2816195654530606)	(8.0, 0.23512463291889404)	(9.0, 0.26017889708238273)	('>10', 4.16599413633856)	('>50', 1.5861276466577854)	('>100', 5.712372229275426)	('>500', 3.277531384079461)	('>1k', 8.23779387567785)	('>5k', 8.44473246141282)	('>10k+', 56.31837224372981)
ERR4223623_1	(1.0, 7.482138573509446)	(2.0, 1.2587699665894259)	(3.0, 0.7797449321525461)	(4.0, 0.5806663814443952)	(5.0, 0.5032606840883068)	(6.0, 0.3991463116061559)	(7.0, 0.35661027344242674)	(8.0, 0.3264393626518747)	(9.0, 0.32272982443992154)	('>10', 5.15353778659274)	('>50', 2.379050506599268)	('>100', 9.33789688967586)	('>500', 4.062438947183595)	('>1k', 8.645944361872871)	('>5k', 10.225960337617437)	('>10k+', 48.18566486053373)
ERR4223623_2	(1.0, 10.160919767634526)	(2.0, 1.1791385463061654)	(3.0, 0.6640073399396087)	(4.0, 0.48570220321839536)	(5.0, 0.4154682797387496)	(6.0, 0.3813405281887809)	(7.0, 0.30294562064283825)	(8.0, 0.2967630569562497)	(9.0, 0.24260379906173415)	('>10', 3.7748260844834967)	('>50', 1.7664820965320762)	('>100', 5.34420805068713)	('>500', 2.827410025150669)	('>1k', 8.298236980139134)	('>5k', 8.313075132986945)	('>10k+', 55.5468724883335)
ERR4223624_1	(1.0, 6.337255976973233)	(2.0, 1.3770045622760472)	(3.0, 0.8297272424663703)	(4.0, 0.6588866479998434)	(5.0, 0.5335709110845686)	(6.0, 0.4552485755125218)	(7.0, 0.41975876720643807)	(8.0, 0.3602827436314151)	(9.0, 0.3921011924575591)	('>10', 6.2782694679955355)	('>50', 3.0783125452801)	('>100', 10.802118619177223)	('>500', 6.0942119794012255)	('>1k', 12.658602729533394)	('>5k', 14.774040061874647)	('>10k+', 34.95060797712988)
ERR4223624_2	(1.0, 7.994752403516673)	(2.0, 0.9893090011944156)	(3.0, 0.6182569364218441)	(4.0, 0.4728711010162323)	(5.0, 0.4038495427933661)	(6.0, 0.3656674042019933)	(7.0, 0.30839419631493414)	(8.0, 0.2506314738305496)	(9.0, 0.2599322511797302)	('>10', 4.200035245051007)	('>50', 1.6699790487752344)	('>100', 3.473595582620274)	('>500', 2.28652268410644)	('>1k', 8.115662509056019)	('>5k', 8.842836443382742)	('>10k+', 59.74770417653854)
ERR4223625_1	(1.0, 7.393977692184241)	(2.0, 1.211683517894399)	(3.0, 0.6988745787193067)	(4.0, 0.5857807735515969)	(5.0, 0.44510311346493336)	(6.0, 0.3957029369282619)	(7.0, 0.403727331086503)	(8.0, 0.32699406194832287)	(9.0, 0.30016249398170436)	('>10', 4.974873615792007)	('>50', 2.7739327555769537)	('>100', 7.3636354517733915)	('>500', 4.927479537794897)	('>1k', 8.285939255336222)	('>5k', 13.025096292729899)	('>10k+', 46.88703659123736)
ERR4223625_2	(1.0, 9.721051998074145)	(2.0, 1.1314395763119884)	(3.0, 0.6567465093885412)	(4.0, 0.5045337826994062)	(5.0, 0.4739407799711122)	(6.0, 0.3264925373134328)	(7.0, 0.29840715775958915)	(8.0, 0.26480500722195477)	(9.0, 0.2505115551275879)	('>10', 3.926436366554325)	('>50', 1.3114869202375221)	('>100', 3.426667067886375)	('>500', 2.552760391590435)	('>1k', 8.698443267533301)	('>5k', 7.328779489648532)	('>10k+', 59.127497592681756)
ERR4223626_1	(1.0, 6.653818569205669)	(2.0, 1.4960553964106413)	(3.0, 0.9594131537116182)	(4.0, 0.798567276357124)	(5.0, 0.5693566584321407)	(6.0, 0.47435902813020336)	(7.0, 0.4330465928774845)	(8.0, 0.38250701472568127)	(9.0, 0.37181191727446977)	('>10', 7.005288830543521)	('>50', 3.3999924505194463)	('>100', 10.24821014398537)	('>500', 8.202091206113401)	('>1k', 16.418023126575427)	('>5k', 6.990189869435929)	('>10k+', 35.59726876570187)
ERR4223626_2	(1.0, 8.050262763864831)	(2.0, 1.1705889014247548)	(3.0, 0.6750493861852894)	(4.0, 0.4974268853779144)	(5.0, 0.4078816576981634)	(6.0, 0.3460178587156656)	(7.0, 0.30093068318604854)	(8.0, 0.2717812999366682)	(9.0, 0.25290759855217737)	('>10', 3.820246868014109)	('>50', 1.68688948818716)	('>100', 5.2567452511670245)	('>500', 4.502636026960034)	('>1k', 14.868701950701894)	('>5k', 7.726893346810554)	('>10k+', 50.165040033217714)
ERR4223627_1	(1.0, 7.655797443985114)	(2.0, 1.3630933452510894)	(3.0, 0.8070268923018745)	(4.0, 0.6205254699062336)	(5.0, 0.506003283112597)	(6.0, 0.4022242658117969)	(7.0, 0.31584918308939175)	(8.0, 0.36956503055357404)	(9.0, 0.3248734454633744)	('>10', 5.39242649523433)	('>50', 2.6563560887987414)	('>100', 8.190377557948656)	('>500', 5.89821491495707)	('>1k', 13.79337017524258)	('>5k', 7.636030012118296)	('>10k+', 44.06826639622528)
ERR4223627_2	(1.0, 9.715048172372006)	(2.0, 1.2543724699835845)	(3.0, 0.7432124655144259)	(4.0, 0.5122343214184422)	(5.0, 0.3717136644521413)	(6.0, 0.3364760685156377)	(7.0, 0.31434513936039465)	(8.0, 0.25955497494692875)	(9.0, 0.233986231553978)	('>10', 3.587144293658092)	('>50', 1.7431866819076431)	('>100', 5.041769442988149)	('>500', 4.509767689702887)	('>1k', 14.212783512242916)	('>5k', 7.664177116189527)	('>10k+', 49.50022775519325)
ERR9875453_1	(1.0, 2.519677604181671)	(2.0, 0.695718140526422)	(3.0, 0.33873647214726754)	(4.0, 0.24807065052126848)	(5.0, 0.1892538995105806)	(6.0, 0.17909100511825768)	(7.0, 0.1529235526277884)	(8.0, 0.144681205207243)	(9.0, 0.1281965103661523)	('>10', 2.4408551555483)	('>50', 1.3710304694777071)	('>100', 3.9185560047501533)	('>500', 2.144770830732593)	('>1k', 11.496234127479505)	('>5k', 5.8066137235884785)	('>10k+', 68.22559064821661)
ERR9875453_2	(1.0, 3.957367058138158)	(2.0, 0.6968384595932922)	(3.0, 0.3509799590923495)	(4.0, 0.2576733853801563)	(5.0, 0.19485549484493184)	(6.0, 0.16996840700231425)	(7.0, 0.1534837121612235)	(8.0, 0.13315792337657764)	(9.0, 0.1116317927345708)	('>10', 2.1410097595795285)	('>50', 1.0503791479813451)	('>100', 3.209794149373742)	('>500', 1.5623649615410469)	('>1k', 11.53824609248714)	('>5k', 6.225212940645496)	('>10k+', 68.24703675606813)
ERR9875457_1	(1.0, 2.1516673559947)	(2.0, 0.5970865959579673)	(3.0, 0.3735515348648099)	(4.0, 0.2846106932303314)	(5.0, 0.22169490574899578)	(6.0, 0.21030346790418572)	(7.0, 0.1674541363187079)	(8.0, 0.17525288992015478)	(9.0, 0.13958892682140328)	('>10', 2.6977553609859024)	('>50', 1.3744207891988138)	('>100', 4.337684278413751)	('>500', 2.3692438188305727)	('>1k', 11.540315174797232)	('>5k', 8.81890067367211)	('>10k+', 64.54046939734036)
ERR9875457_2	(1.0, 3.459229167688975)	(2.0, 0.6254775641250324)	(3.0, 0.39274172631106685)	(4.0, 0.2912703030472973)	(5.0, 0.21950424462499388)	(6.0, 0.19295343180209043)	(7.0, 0.1631604405156641)	(8.0, 0.1542225431297362)	(9.0, 0.13249118477963703)	('>10', 2.2285157482246882)	('>50', 1.100588148698572)	('>100', 3.4634352370470594)	('>500', 2.276622666507771)	('>1k', 11.41273107093536)	('>5k', 8.536393015120819)	('>10k+', 65.35066350744124)
ERR9875459_1	(1.0, 1.9405876365367047)	(2.0, 0.5056024566216074)	(3.0, 0.3246808812347653)	(4.0, 0.26958944656742057)	(5.0, 0.20740784205383478)	(6.0, 0.18043259815606685)	(7.0, 0.15859161518143908)	(8.0, 0.14734513887360834)	(9.0, 0.1239557280015256)	('>10', 2.5312721313132056)	('>50', 1.2940782412466962)	('>100', 4.012954636767339)	('>500', 3.0971002835252976)	('>1k', 8.078963303073792)	('>5k', 8.226960411588434)	('>10k+', 68.90047764925826)
ERR9875459_2	(1.0, 3.191309896654662)	(2.0, 0.5473285136477619)	(3.0, 0.33274900554255693)	(4.0, 0.2558980841057136)	(5.0, 0.21718738666933976)	(6.0, 0.16771919015591039)	(7.0, 0.1568801948737257)	(8.0, 0.12322226215536274)	(9.0, 0.1488935667710633)	('>10', 2.185565229155104)	('>50', 1.1039475946802537)	('>100', 3.243711956552743)	('>500', 2.7200988385975804)	('>1k', 8.970124306161683)	('>5k', 9.166285671907689)	('>10k+', 67.46907830236884)
ERR9875461_1	(1.0, 1.8220771477368045)	(2.0, 0.46719926865046263)	(3.0, 0.29314616340780275)	(4.0, 0.21082269826623207)	(5.0, 0.17257610256306607)	(6.0, 0.15718417990203587)	(7.0, 0.15073201030170502)	(8.0, 0.1393046737806371)	(9.0, 0.12453464698469903)	('>10', 2.335063499454675)	('>50', 1.1775598205519482)	('>100', 3.1871385716140295)	('>500', 2.252662297329968)	('>1k', 6.368524606475957)	('>5k', 6.293508417749219)	('>10k+', 74.84796589523076)
ERR9875461_2	(1.0, 3.3667110026593825)	(2.0, 0.535607813810597)	(3.0, 0.32113147733694863)	(4.0, 0.23538758493737122)	(5.0, 0.186568759527639)	(6.0, 0.16278124268786504)	(7.0, 0.1545411224753943)	(8.0, 0.12686675647879453)	(9.0, 0.11613905280595527)	('>10', 2.251884927498603)	('>50', 0.9708571823919513)	('>100', 2.2295744133384225)	('>500', 1.9160611603488524)	('>1k', 6.147129678503159)	('>5k', 5.509064520918634)	('>10k+', 75.76969330428042)
ERR9875463_1	(1.0, 2.178433527720562)	(2.0, 0.6003510560658343)	(3.0, 0.3751211850646959)	(4.0, 0.29585362906909246)	(5.0, 0.2696275603567924)	(6.0, 0.21747009786154403)	(7.0, 0.20696002538133393)	(8.0, 0.20823695007519122)	(9.0, 0.18387715591545187)	('>10', 3.2511484955371484)	('>50', 1.267200421188699)	('>100', 4.3127640410148205)	('>500', 2.0952369726669358)	('>1k', 8.078316738223561)	('>5k', 8.791822967160444)	('>10k+', 67.66757917669788)
ERR9875463_2	(1.0, 3.4571262711539763)	(2.0, 0.6219605508849579)	(3.0, 0.40311530335310597)	(4.0, 0.3123554251127868)	(5.0, 0.2490003153021744)	(6.0, 0.21982749729635753)	(7.0, 0.19733397768917885)	(8.0, 0.18230555629224288)	(9.0, 0.15912446184991028)	('>10', 2.6035512257985935)	('>50', 0.9174212800482482)	('>100', 3.0571541670472886)	('>500', 2.1809873771082766)	('>1k', 8.430060378893025)	('>5k', 9.192286196149386)	('>10k+', 67.81639001602049)
ERR9875466_1	(1.0, 1.8021205590871936)	(2.0, 0.44738459875563236)	(3.0, 0.2842386861856283)	(4.0, 0.22901227478770766)	(5.0, 0.18957690151121082)	(6.0, 0.17935917096205423)	(7.0, 0.16551034608551143)	(8.0, 0.15335040229147384)	(9.0, 0.12919940281164924)	('>10', 2.7011119593047215)	('>50', 1.3570159497929433)	('>100', 3.368726651219035)	('>500', 1.8069338701723332)	('>1k', 7.366561505671262)	('>5k', 3.7835158450823156)	('>10k+', 76.03638187627932)
ERR9875466_2	(1.0, 3.0050261101015354)	(2.0, 0.4960243739317827)	(3.0, 0.31615853864497695)	(4.0, 0.23813223263323582)	(5.0, 0.21406567720753644)	(6.0, 0.1753058563640417)	(7.0, 0.15664372040235902)	(8.0, 0.13781269633242585)	(9.0, 0.14363933606706883)	('>10', 2.447188688550062)	('>50', 0.822316199071791)	('>100', 2.240047423780797)	('>500', 1.6590723313990017)	('>1k', 7.523120782019496)	('>5k', 3.2839448208772724)	('>10k+', 77.14150121261662)
ERR9875467_1	(1.0, 1.9906617939363054)	(2.0, 0.539203121330679)	(3.0, 0.35616875691655014)	(4.0, 0.2667620338379505)	(5.0, 0.24059234064498702)	(6.0, 0.22378541158557644)	(7.0, 0.18211343679443515)	(8.0, 0.15839955058732158)	(9.0, 0.12363453294388328)	('>10', 2.6159716477083483)	('>50', 1.3427124695134585)	('>100', 3.94594461848271)	('>500', 2.170165935808275)	('>1k', 7.191216806315108)	('>5k', 9.123629928305785)	('>10k+', 69.52903761528863)
ERR9875467_2	(1.0, 3.9235353797368298)	(2.0, 0.61103547566679)	(3.0, 0.38057333883843397)	(4.0, 0.30390611449893096)	(5.0, 0.26092949224655687)	(6.0, 0.19845990204399883)	(7.0, 0.1831878523507445)	(8.0, 0.16146930931963402)	(9.0, 0.13744844723928923)	('>10', 2.273233085245665)	('>50', 0.9752623492556604)	('>100', 2.82625012087175)	('>500', 1.7499927093230105)	('>1k', 7.128977448017474)	('>5k', 10.554597961373226)	('>10k+', 68.331141013972)
ERR9875470_1	(1.0, 1.8543205811172307)	(2.0, 0.48385126486475)	(3.0, 0.3008800675585959)	(4.0, 0.21705146385809865)	(5.0, 0.19297397683958198)	(6.0, 0.1763321843414896)	(7.0, 0.14127819588806093)	(8.0, 0.13667514689922686)	(9.0, 0.14101263536947434)	('>10', 2.6461335273695523)	('>50', 1.2756642111170715)	('>100', 3.6610173092346017)	('>500', 1.9678919628994251)	('>1k', 7.217934895183263)	('>5k', 5.511000401881585)	('>10k+', 74.07598217557799)
ERR9875470_2	(1.0, 3.166986224490699)	(2.0, 0.4942966452624889)	(3.0, 0.2910543283708924)	(4.0, 0.22802796529301064)	(5.0, 0.19695738461838067)	(6.0, 0.16252303737498738)	(7.0, 0.16420492065936906)	(8.0, 0.1444649221110999)	(9.0, 0.12348564114276002)	('>10', 2.2972755261196474)	('>50', 0.8816609217074479)	('>100', 2.618515233436548)	('>500', 1.5005939703599054)	('>1k', 6.872883261366433)	('>5k', 6.797021473223533)	('>10k+', 74.0600485444628)
ERR9875473_1	(1.0, 2.2321439915837193)	(2.0, 0.5637959323004416)	(3.0, 0.36109706421225696)	(4.0, 0.2924013759466833)	(5.0, 0.2490324580774186)	(6.0, 0.21752222868803095)	(7.0, 0.18440260586208854)	(8.0, 0.16805455674340086)	(9.0, 0.13493493391745845)	('>10', 2.7939917107767527)	('>50', 1.4340542568879922)	('>100', 3.8503467395806594)	('>500', 2.7762883829746503)	('>1k', 8.755862639117238)	('>5k', 8.534698098967532)	('>10k+', 67.45137302436368)
ERR9875473_2	(1.0, 3.9617337063737907)	(2.0, 0.6332539648254359)	(3.0, 0.39413198212048595)	(4.0, 0.2869802612130253)	(5.0, 0.22785622864906668)	(6.0, 0.20786586806870247)	(7.0, 0.19151781895001477)	(8.0, 0.1829626222609606)	(9.0, 0.1463700978087685)	('>10', 2.384019909043859)	('>50', 1.0944722417749406)	('>100', 3.0542899229100544)	('>500', 2.2205394178569824)	('>1k', 9.045553457697093)	('>5k', 7.685446593972907)	('>10k+', 68.28300590647392)
ERR9875474_1	(1.0, 2.918531387581963)	(2.0, 0.8179579560043855)	(3.0, 0.5496103458766309)	(4.0, 0.42629481309421535)	(5.0, 0.382192050788014)	(6.0, 0.31914710423750053)	(7.0, 0.3087193361434096)	(8.0, 0.24031700415006038)	(9.0, 0.2453873868013156)	('>10', 4.132170525578646)	('>50', 1.9146912902306163)	('>100', 5.834097079650928)	('>500', 3.172528858130694)	('>1k', 11.261893874021082)	('>5k', 10.058299833729716)	('>10k+', 57.418161153980826)
ERR9875474_2	(1.0, 4.693547985910077)	(2.0, 0.825611363779865)	(3.0, 0.5438702900450212)	(4.0, 0.433565550480921)	(5.0, 0.35492678558786783)	(6.0, 0.3248871600691103)	(7.0, 0.2752356771256862)	(8.0, 0.24031700415006038)	(9.0, 0.20750301831269144)	('>10', 3.443363825785479)	('>50', 1.372160346546304)	('>100', 4.946684448084064)	('>500', 3.0316104874646745)	('>1k', 11.271651968934817)	('>5k', 12.617886396641683)	('>10k+', 55.417177691081676)
ERR9875475_1	(1.0, 2.692218387951672)	(2.0, 0.7665516385501653)	(3.0, 0.47559188771547756)	(4.0, 0.3673426903768705)	(5.0, 0.29264113629630817)	(6.0, 0.2627765278589558)	(7.0, 0.251086895601976)	(8.0, 0.20945258893328103)	(9.0, 0.1996044740866474)	('>10', 3.260686805928085)	('>50', 1.5420706662289727)	('>100', 4.725573872871245)	('>500', 2.4810844135567707)	('>1k', 14.31739753556931)	('>5k', 10.053884400746215)	('>10k+', 58.102036077728044)
ERR9875475_2	(1.0, 4.892991825264017)	(2.0, 0.826921383219773)	(3.0, 0.5039352426399353)	(4.0, 0.3936043299678936)	(5.0, 0.31826224809242815)	(6.0, 0.2695020697054373)	(7.0, 0.22362426639550992)	(8.0, 0.212014700112893)	(9.0, 0.1794278485472029)	('>10', 2.6996645235674195)	('>50', 1.0977845744893793)	('>100', 3.9520564945515106)	('>500', 2.765638886442429)	('>1k', 13.508010600735004)	('>5k', 10.100642929774134)	('>10k+', 58.055918076495026)
ERR9875477_1	(1.0, 2.022674996990185)	(2.0, 0.5595087981649632)	(3.0, 0.35428692726385624)	(4.0, 0.274051591400166)	(5.0, 0.21860762782209775)	(6.0, 0.22145903166325553)	(7.0, 0.18684615725809006)	(8.0, 0.15904496980680155)	(9.0, 0.15611436030338938)	('>10', 2.8886305024173566)	('>50', 1.3240018502442703)	('>100', 3.7953769239055366)	('>500', 2.046911929640026)	('>1k', 9.149600486639589)	('>5k', 8.324515102935678)	('>10k+', 68.31836874354474)
ERR9875477_2	(1.0, 4.042340178814703)	(2.0, 0.6331700640615396)	(3.0, 0.4056121964046966)	(4.0, 0.29844693537451605)	(5.0, 0.24632960961113187)	(6.0, 0.21860762782209775)	(7.0, 0.19405387252323894)	(8.0, 0.1767870381517834)	(9.0, 0.15611436030338938)	('>10', 2.4596526356476174)	('>50', 0.913478902779802)	('>100', 2.826454057547666)	('>500', 1.8995893978468732)	('>1k', 8.799828282124231)	('>5k', 8.623041243972448)	('>10k+', 68.10649359701426)
ERR9875478_1	(1.0, 2.483769822471859)	(2.0, 0.6747422796688548)	(3.0, 0.43148135616160255)	(4.0, 0.3295211026144233)	(5.0, 0.28603009180934336)	(6.0, 0.24578737226771336)	(7.0, 0.22232749092057474)	(8.0, 0.2006722158309084)	(9.0, 0.17134736414698518)	('>10', 3.1956869910446413)	('>50', 1.45848277728903)	('>100', 4.970968396832916)	('>500', 3.0737858383523946)	('>1k', 14.230673794861385)	('>5k', 6.6685615032370125)	('>10k+', 61.35616160249035)
ERR9875478_2	(1.0, 3.9899844352710296)	(2.0, 0.7218425029888791)	(3.0, 0.44474521215402313)	(4.0, 0.32988202386591775)	(5.0, 0.255351785432316)	(6.0, 0.24741151789943833)	(7.0, 0.20780041054792356)	(8.0, 0.19561931830998622)	(9.0, 0.1697232185152602)	('>10', 2.4907175565631277)	('>50', 1.153684780401976)	('>100', 4.019128826329205)	('>500', 2.5147188197875074)	('>1k', 14.234192777063454)	('>5k', 6.8637296699826305)	('>10k+', 62.161467144887325)
ERR9875480_1	(1.0, 2.5621350018261437)	(2.0, 0.7169919907918085)	(3.0, 0.47258386426771637)	(4.0, 0.35010311256054866)	(5.0, 0.3066630266764553)	(6.0, 0.28222221402404607)	(7.0, 0.2149869218594939)	(8.0, 0.20142918804853482)	(9.0, 0.17265358975588702)	('>10', 3.1834850200875815)	('>50', 1.7449817939003112)	('>100', 3.8698568229525976)	('>500', 3.01525844545364)	('>1k', 12.390016343064158)	('>5k', 12.62815286483216)	('>10k+', 57.88847979989892)
ERR9875480_2	(1.0, 3.860726104263584)	(2.0, 0.7634756495722397)	(3.0, 0.4778409447250271)	(4.0, 0.3537922918288368)	(5.0, 0.2905228673776945)	(6.0, 0.23518517835337174)	(7.0, 0.20207479442048526)	(8.0, 0.19405082951195846)	(9.0, 0.18344443911562994)	('>10', 2.574493752374909)	('>50', 1.0881234251815999)	('>100', 3.074008625301129)	('>500', 3.277005714538687)	('>1k', 13.221280661691193)	('>5k', 9.498806550506709)	('>10k+', 60.70516817123695)
ERR9875482_1	(1.0, 2.6444629422529484)	(2.0, 0.7134188186254575)	(3.0, 0.4739445658804392)	(4.0, 0.3599659414396096)	(5.0, 0.27918805917039446)	(6.0, 0.2592517283448556)	(7.0, 0.20238155754371698)	(8.0, 0.19570963806425376)	(9.0, 0.1679894011793412)	('>10', 3.165666937779585)	('>50', 1.358212179747865)	('>100', 4.927847956486377)	('>500', 3.517372407482717)	('>1k', 15.360188338755593)	('>5k', 9.16380197742985)	('>10k+', 57.210597549817)
ERR9875482_2	(1.0, 4.301005235868239)	(2.0, 0.780296868645791)	(3.0, 0.47442113155754373)	(4.0, 0.3466221024806832)	(5.0, 0.28395371594143964)	(6.0, 0.23494687881252543)	(7.0, 0.19404165819438798)	(8.0, 0.20015758438389591)	(9.0, 0.1558369764131761)	('>10', 2.486481420292802)	('>50', 1.0393103141520943)	('>100', 3.8428667649451)	('>500', 3.319756506710045)	('>1k', 16.4751137403416)	('>5k', 8.412734470313135)	('>10k+', 57.452454630947535)
ERR9875485_1	(1.0, 2.6929879211398102)	(2.0, 0.7494950794769227)	(3.0, 0.4860889884170369)	(4.0, 0.3672149258743717)	(5.0, 0.29541969998226697)	(6.0, 0.26364148524313863)	(7.0, 0.21530721294856325)	(8.0, 0.23100015849875005)	(9.0, 0.1878445582357363)	('>10', 3.1691118891324783)	('>50', 1.5195479176245903)	('>100', 4.838527436761353)	('>500', 3.3819866955207627)	('>1k', 15.573600699277653)	('>5k', 10.927233380778338)	('>10k+', 55.10099195108823)
ERR9875485_2	(1.0, 4.38468745144995)	(2.0, 0.7912383146404196)	(3.0, 0.49950645686244666)	(4.0, 0.35968231201028206)	(5.0, 0.3009122309248323)	(6.0, 0.23209866468726315)	(7.0, 0.22409526245666783)	(8.0, 0.18643219313621948)	(9.0, 0.17654563743960178)	('>10', 2.4506103771171746)	('>50', 1.1926638618141987)	('>100', 3.8509703732880958)	('>500', 3.3915593923063767)	('>1k', 15.185749550004788)	('>5k', 11.833971774668134)	('>10k+', 54.93927614719355)
ERR9875486_1	(1.0, 3.1944923510054166)	(2.0, 0.965050480567545)	(3.0, 0.5791980907811203)	(4.0, 0.4377779227922326)	(5.0, 0.3649703082903728)	(6.0, 0.29085756369500976)	(7.0, 0.26233114879415304)	(8.0, 0.25133076657748277)	(9.0, 0.21059206294455993)	('>10', 3.6145577939572475)	('>50', 1.8212158219056764)	('>100', 6.110525874204104)	('>500', 4.328557178681632)	('>1k', 15.55519301941847)	('>5k', 12.685305167382936)	('>10k+', 49.32804444900204)
ERR9875486_2	(1.0, 4.663602718399538)	(2.0, 0.9113536995776972)	(3.0, 0.5587821271756053)	(4.0, 0.39862401998713515)	(5.0, 0.3095022793164847)	(6.0, 0.27967073432212475)	(7.0, 0.2564580633733884)	(8.0, 0.22000764433340478)	(9.0, 0.17535355041997222)	('>10', 2.7284676840466493)	('>50', 1.286298930725559)	('>100', 5.206536837296889)	('>500', 4.280547035956334)	('>1k', 15.669112231865684)	('>5k', 12.24790013890313)	('>10k+', 50.80778230430041)
ERR9875487_1	(1.0, 2.472820333428458)	(2.0, 0.6963149803459481)	(3.0, 0.45540325327490816)	(4.0, 0.37080337663054985)	(5.0, 0.3051671284831859)	(6.0, 0.22701120326984506)	(7.0, 0.20040688950464428)	(8.0, 0.17969418847637372)	(9.0, 0.17564370471973415)	('>10', 3.122830919920095)	('>50', 1.5399202791151534)	('>100', 5.223374973533771)	('>500', 3.618278728516326)	('>1k', 15.164274733266438)	('>5k', 11.87150760846551)	('>10k+', 54.37654769904906)
ERR9875487_2	(1.0, 3.3524197037623473)	(2.0, 0.7259571569286287)	(3.0, 0.4487751889458616)	(4.0, 0.3082049913006656)	(5.0, 0.24440987213359233)	(6.0, 0.21375507461175192)	(7.0, 0.190740962358118)	(8.0, 0.16054644708135027)	(9.0, 0.15244547956807114)	('>10', 2.3352879986007418)	('>50', 1.157701902806801)	('>100', 4.430676891069604)	('>500', 3.780666304577967)	('>1k', 15.657421130637307)	('>5k', 13.723038967494869)	('>10k+', 53.117951928122324)
ERR9875489_1	(1.0, 2.4390132820410835)	(2.0, 0.683002661266204)	(3.0, 0.4114867111273719)	(4.0, 0.3221452872209124)	(5.0, 0.2766775617154161)	(6.0, 0.21724312253210445)	(7.0, 0.209348893062035)	(8.0, 0.1876397620193439)	(9.0, 0.18581801675702017)	('>10', 2.981589746003167)	('>50', 1.5639683077049198)	('>100', 5.808710674971801)	('>500', 2.67675103877433)	('>1k', 11.712835258057808)	('>5k', 8.741644641260404)	('>10k+', 61.58212503548608)
ERR9875489_2	(1.0, 3.9569825218723294)	(2.0, 0.7160977001984185)	(3.0, 0.42879329111944725)	(4.0, 0.31485830617161753)	(5.0, 0.259219169618147)	(6.0, 0.22544097621256123)	(7.0, 0.2056294964847907)	(8.0, 0.17670929044540154)	(9.0, 0.15917499229553567)	('>10', 2.4107003244224687)	('>50', 1.1783655605130643)	('>100', 4.352908492217352)	('>500', 3.1379562143526196)	('>1k', 12.10686357708791)	('>5k', 8.351411624860143)	('>10k+', 62.018888462128196)
ERR9875491_1	(1.0, 2.761503051152055)	(2.0, 0.7930865569800237)	(3.0, 0.5071900091377364)	(4.0, 0.35942439359810796)	(5.0, 0.2712923964094071)	(6.0, 0.2507045995977773)	(7.0, 0.23214515715182538)	(8.0, 0.17119310846320718)	(9.0, 0.15243083058068743)	('>10', 3.2033800497149656)	('>50', 1.6959070851432172)	('>100', 5.975633379005112)	('>500', 4.176077385775759)	('>1k', 17.575183490006804)	('>5k', 16.179878521857038)	('>10k+', 45.694969985426276)
ERR9875491_2	(1.0, 4.636310991348055)	(2.0, 0.8517059981481124)	(3.0, 0.48954332615633944)	(4.0, 0.3277820654935341)	(5.0, 0.30577442062592985)	(6.0, 0.20750065160884)	(7.0, 0.18954971547259136)	(8.0, 0.1655137162393093)	(9.0, 0.1506053116515774)	('>10', 2.5543066526980662)	('>50', 1.3593016781589844)	('>100', 5.1762589234914875)	('>500', 4.448282541649721)	('>1k', 17.453482228066136)	('>5k', 15.016617293140817)	('>10k+', 46.6674644860505)
