Sample	0	1	2	3	4	5	6	7	8	9	10	11	12	13	14	15	16	17	18	19	20	21	22	23	24
ERR3518658_1	(32, 14.0)	(37, 87.0)	(42, 565.0)	(47, 85.0)	(52, 165.0)	(57, 326.0)	(62, 415.0)	(67, 530.0)	(72, 504.0)	(77, 1122.0)	(82, 1175.0)	(87, 2593.0)	(92, 1871.0)	(97, 1252.0)	(102, 1751.0)	(107, 2979.0)	(112, 3974.0)	(117, 7803.0)	(122, 11315.0)	(127, 13731.0)	(132, 162213.0)	(137, 49796.0)	(142, 161070.0)	(147, 119939.0)	(151, 1956799.0)
ERR3518658_2	(32, 203.0)	(37, 849.0)	(42, 336.0)	(47, 349.0)	(52, 473.0)	(57, 569.0)	(62, 636.0)	(67, 893.0)	(72, 776.0)	(77, 1615.0)	(82, 1576.0)	(87, 3220.0)	(92, 2425.0)	(97, 1899.0)	(102, 2564.0)	(107, 3868.0)	(112, 4471.0)	(117, 6387.0)	(122, 11726.0)	(127, 16052.0)	(132, 159968.0)	(137, 56280.0)	(142, 166037.0)	(147, 156168.0)	(151, 1902734.0)
ERR3518664_1	(32, 9206.0)	(37, 8597.0)	(42, 8524.0)	(47, 16191.0)	(52, 12465.0)	(57, 43649.0)	(62, 20472.0)	(67, 15020.0)	(72, 17426.0)	(77, 59403.0)	(82, 14380.0)	(87, 13543.0)	(92, 8751.0)	(97, 6416.0)	(102, 6155.0)	(107, 15585.0)	(112, 5533.0)	(117, 9397.0)	(122, 12530.0)	(127, 25740.0)	(132, 274673.0)	(137, 138476.0)	(142, 228302.0)	(147, 193397.0)	(151, 3115709.0)
ERR3518664_2	(32, 17578.0)	(37, 12592.0)	(42, 9214.0)	(47, 21571.0)	(52, 13813.0)	(57, 52339.0)	(62, 19910.0)	(67, 15933.0)	(72, 16726.0)	(77, 52417.0)	(82, 13827.0)	(87, 13011.0)	(92, 8702.0)	(97, 6093.0)	(102, 5581.0)	(107, 19382.0)	(112, 6023.0)	(117, 8812.0)	(122, 10159.0)	(127, 12160.0)	(132, 277138.0)	(137, 135755.0)	(142, 230049.0)	(147, 98896.0)	(151, 3201859.0)
ERR3518669_1	(32, 6307.0)	(37, 6396.0)	(42, 6752.0)	(47, 10503.0)	(52, 9916.0)	(57, 34546.0)	(62, 15517.0)	(67, 11431.0)	(72, 16396.0)	(77, 47074.0)	(82, 13295.0)	(87, 13165.0)	(92, 8313.0)	(97, 7043.0)	(102, 7021.0)	(107, 39170.0)	(112, 6147.0)	(117, 13977.0)	(122, 16725.0)	(127, 25254.0)	(132, 255769.0)	(137, 70606.0)	(142, 276203.0)	(147, 178171.0)	(151, 2605810.0)
ERR3518669_2	(32, 13102.0)	(37, 8545.0)	(42, 7037.0)	(47, 13833.0)	(52, 10753.0)	(57, 42663.0)	(62, 15342.0)	(67, 13032.0)	(72, 15713.0)	(77, 40339.0)	(82, 12446.0)	(87, 12827.0)	(92, 8109.0)	(97, 6190.0)	(102, 5912.0)	(107, 48773.0)	(112, 5756.0)	(117, 11768.0)	(122, 14203.0)	(127, 12353.0)	(132, 263094.0)	(137, 61730.0)	(142, 276913.0)	(147, 88127.0)	(151, 2692947.0)
ERR3518674_1	(32, 7894.0)	(37, 7703.0)	(42, 8459.0)	(47, 12484.0)	(52, 12281.0)	(57, 38573.0)	(62, 18497.0)	(67, 13071.0)	(72, 16446.0)	(77, 54135.0)	(82, 13978.0)	(87, 11937.0)	(92, 8288.0)	(97, 6171.0)	(102, 5706.0)	(107, 20631.0)	(112, 5515.0)	(117, 10861.0)	(122, 13081.0)	(127, 28454.0)	(132, 309610.0)	(137, 57056.0)	(142, 362072.0)	(147, 182486.0)	(151, 2945077.0)
ERR3518674_2	(32, 15847.0)	(37, 10663.0)	(42, 8815.0)	(47, 16515.0)	(52, 13377.0)	(57, 47158.0)	(62, 17846.0)	(67, 14642.0)	(72, 16089.0)	(77, 47028.0)	(82, 13109.0)	(87, 10864.0)	(92, 8129.0)	(97, 5959.0)	(102, 5172.0)	(107, 26009.0)	(112, 5817.0)	(117, 9834.0)	(122, 11003.0)	(127, 13631.0)	(132, 319284.0)	(137, 43411.0)	(142, 364794.0)	(147, 74363.0)	(151, 3051107.0)
ERR3518680_1	(32, 6956.0)	(37, 6602.0)	(42, 6906.0)	(47, 14046.0)	(52, 10571.0)	(57, 31188.0)	(62, 19551.0)	(67, 14101.0)	(72, 18513.0)	(77, 40967.0)	(82, 14624.0)	(87, 21127.0)	(92, 8862.0)	(97, 7036.0)	(102, 5579.0)	(107, 7335.0)	(112, 5540.0)	(117, 7484.0)	(122, 9596.0)	(127, 19143.0)	(132, 90831.0)	(137, 94485.0)	(142, 272888.0)	(147, 295441.0)	(151, 2740089.0)
ERR3518680_2	(32, 16457.0)	(37, 11175.0)	(42, 8564.0)	(47, 22930.0)	(52, 12711.0)	(57, 39757.0)	(62, 18999.0)	(67, 14043.0)	(72, 17101.0)	(77, 37799.0)	(82, 14613.0)	(87, 22635.0)	(92, 8477.0)	(97, 6345.0)	(102, 5649.0)	(107, 8348.0)	(112, 5608.0)	(117, 8421.0)	(122, 8889.0)	(127, 12806.0)	(132, 87739.0)	(137, 82523.0)	(142, 276467.0)	(147, 118245.0)	(151, 2903160.0)
ERR3518689_1	(32, 6547.0)	(37, 4720.0)	(42, 4491.0)	(47, 12597.0)	(52, 10732.0)	(57, 44712.0)	(62, 42751.0)	(67, 20110.0)	(72, 22042.0)	(77, 81314.0)	(82, 15260.0)	(87, 33452.0)	(92, 11043.0)	(97, 9347.0)	(102, 6431.0)	(107, 9279.0)	(112, 8038.0)	(117, 11205.0)	(122, 9156.0)	(127, 18782.0)	(132, 40215.0)	(137, 60235.0)	(142, 89004.0)	(147, 440558.0)	(151, 4126568.0)
ERR3518689_2	(32, 17310.0)	(37, 11837.0)	(42, 8641.0)	(47, 25355.0)	(52, 15217.0)	(57, 59147.0)	(62, 48631.0)	(67, 25941.0)	(72, 23072.0)	(77, 74070.0)	(82, 17439.0)	(87, 38330.0)	(92, 11276.0)	(97, 7639.0)	(102, 5752.0)	(107, 9228.0)	(112, 7051.0)	(117, 11447.0)	(122, 8282.0)	(127, 16827.0)	(132, 35383.0)	(137, 51854.0)	(142, 90341.0)	(147, 212669.0)	(151, 4305850.0)
ERR3518695_1	(32, 16346.0)	(37, 13004.0)	(42, 19252.0)	(47, 23099.0)	(52, 16381.0)	(57, 36174.0)	(62, 24098.0)	(67, 17155.0)	(72, 23512.0)	(77, 54854.0)	(82, 18865.0)	(87, 13589.0)	(92, 8690.0)	(97, 8307.0)	(102, 8073.0)	(107, 11509.0)	(112, 8544.0)	(117, 13870.0)	(122, 13626.0)	(127, 101628.0)	(132, 389292.0)	(137, 312568.0)	(142, 555965.0)	(147, 498157.0)	(151, 1743895.0)
ERR3518695_2	(32, 37871.0)	(37, 28154.0)	(42, 28772.0)	(47, 38951.0)	(52, 27315.0)	(57, 55782.0)	(62, 33605.0)	(67, 27292.0)	(72, 24699.0)	(77, 56019.0)	(82, 20931.0)	(87, 14934.0)	(92, 9392.0)	(97, 8885.0)	(102, 8473.0)	(107, 12523.0)	(112, 9111.0)	(117, 14765.0)	(122, 13411.0)	(127, 28002.0)	(132, 395631.0)	(137, 271167.0)	(142, 601492.0)	(147, 125567.0)	(151, 2057709.0)
ERR3518702_1	(32, 6168.0)	(37, 6921.0)	(42, 5441.0)	(47, 11820.0)	(52, 9721.0)	(57, 36116.0)	(62, 23195.0)	(67, 15369.0)	(72, 19146.0)	(77, 55264.0)	(82, 15447.0)	(87, 16862.0)	(92, 8726.0)	(97, 7699.0)	(102, 6190.0)	(107, 9593.0)	(112, 6545.0)	(117, 8008.0)	(122, 9774.0)	(127, 18085.0)	(132, 55929.0)	(137, 87326.0)	(142, 88226.0)	(147, 360668.0)	(151, 3613423.0)
ERR3518702_2	(32, 15956.0)	(37, 10199.0)	(42, 7574.0)	(47, 19888.0)	(52, 10351.0)	(57, 45999.0)	(62, 25058.0)	(67, 16427.0)	(72, 17850.0)	(77, 50517.0)	(82, 15477.0)	(87, 18603.0)	(92, 8956.0)	(97, 7243.0)	(102, 5912.0)	(107, 10931.0)	(112, 5929.0)	(117, 9122.0)	(122, 8703.0)	(127, 15219.0)	(132, 48618.0)	(137, 85126.0)	(142, 88725.0)	(147, 149341.0)	(151, 3803938.0)
ERR3518707_1	(32, 14747.0)	(37, 10297.0)	(42, 11139.0)	(47, 18323.0)	(52, 15208.0)	(57, 46879.0)	(62, 28511.0)	(67, 19115.0)	(72, 33871.0)	(77, 63574.0)	(82, 18104.0)	(87, 17322.0)	(92, 10445.0)	(97, 10425.0)	(102, 8274.0)	(107, 10598.0)	(112, 8955.0)	(117, 12870.0)	(122, 14576.0)	(127, 38320.0)	(132, 128859.0)	(137, 167410.0)	(142, 228174.0)	(147, 855776.0)	(151, 3153228.0)
ERR3518707_2	(32, 34026.0)	(37, 24152.0)	(42, 19911.0)	(47, 34241.0)	(52, 23135.0)	(57, 64995.0)	(62, 36392.0)	(67, 29054.0)	(72, 33598.0)	(77, 65595.0)	(82, 21853.0)	(87, 20034.0)	(92, 11342.0)	(97, 10875.0)	(102, 7976.0)	(107, 11125.0)	(112, 9138.0)	(117, 13970.0)	(122, 12826.0)	(127, 20551.0)	(132, 108004.0)	(137, 164435.0)	(142, 234045.0)	(147, 195825.0)	(151, 3737902.0)
ERR3518711_1	(32, 16437.0)	(37, 10828.0)	(42, 12056.0)	(47, 14267.0)	(52, 12903.0)	(57, 32205.0)	(62, 18680.0)	(67, 12850.0)	(72, 20293.0)	(77, 57980.0)	(82, 17163.0)	(87, 14435.0)	(92, 8121.0)	(97, 8113.0)	(102, 8134.0)	(107, 28170.0)	(112, 7164.0)	(117, 11939.0)	(122, 16359.0)	(127, 58373.0)	(132, 179415.0)	(137, 59945.0)	(142, 225205.0)	(147, 577865.0)	(151, 2048800.0)
ERR3518711_2	(32, 35267.0)	(37, 22369.0)	(42, 19339.0)	(47, 24936.0)	(52, 22137.0)	(57, 47128.0)	(62, 24376.0)	(67, 20105.0)	(72, 20425.0)	(77, 56041.0)	(82, 18551.0)	(87, 15777.0)	(92, 8255.0)	(97, 7626.0)	(102, 7354.0)	(107, 35094.0)	(112, 6887.0)	(117, 11081.0)	(122, 14624.0)	(127, 20109.0)	(132, 206099.0)	(137, 29308.0)	(142, 231736.0)	(147, 144430.0)	(151, 2428646.0)
ERR3518719_1	(32, 4972.0)	(37, 3876.0)	(42, 3688.0)	(47, 6293.0)	(52, 5333.0)	(57, 19177.0)	(62, 12307.0)	(67, 8380.0)	(72, 8714.0)	(77, 29154.0)	(82, 9785.0)	(87, 8623.0)	(92, 4558.0)	(97, 3842.0)	(102, 3435.0)	(107, 8263.0)	(112, 3305.0)	(117, 4755.0)	(122, 6292.0)	(127, 8840.0)	(132, 72014.0)	(137, 30619.0)	(142, 109045.0)	(147, 65536.0)	(151, 2240907.0)
ERR3518719_2	(32, 9498.0)	(37, 6536.0)	(42, 4476.0)	(47, 9411.0)	(52, 5604.0)	(57, 25032.0)	(62, 12679.0)	(67, 8832.0)	(72, 9013.0)	(77, 25502.0)	(82, 8717.0)	(87, 7918.0)	(92, 4167.0)	(97, 3279.0)	(102, 2988.0)	(107, 9435.0)	(112, 3390.0)	(117, 4725.0)	(122, 5648.0)	(127, 7786.0)	(132, 69776.0)	(137, 26805.0)	(142, 106481.0)	(147, 52141.0)	(151, 2251874.0)
ERR3518728_1	(32, 8685.0)	(37, 6400.0)	(42, 7758.0)	(47, 9094.0)	(52, 7619.0)	(57, 17072.0)	(62, 11949.0)	(67, 8845.0)	(72, 9070.0)	(77, 25868.0)	(82, 11471.0)	(87, 7846.0)	(92, 5647.0)	(97, 5069.0)	(102, 4699.0)	(107, 5474.0)	(112, 5255.0)	(117, 6176.0)	(122, 7025.0)	(127, 14474.0)	(132, 293150.0)	(137, 27731.0)	(142, 292350.0)	(147, 78305.0)	(151, 2993369.0)
ERR3518728_2	(32, 16115.0)	(37, 10888.0)	(42, 8945.0)	(47, 14034.0)	(52, 8488.0)	(57, 20714.0)	(62, 12851.0)	(67, 9139.0)	(72, 9573.0)	(77, 23924.0)	(82, 10595.0)	(87, 7327.0)	(92, 5175.0)	(97, 4740.0)	(102, 4310.0)	(107, 5376.0)	(112, 5155.0)	(117, 6507.0)	(122, 6591.0)	(127, 10952.0)	(132, 292191.0)	(137, 20855.0)	(142, 289391.0)	(147, 68150.0)	(151, 2998415.0)
ERR3518741_1	(32, 21053.0)	(37, 12734.0)	(42, 11262.0)	(47, 13273.0)	(52, 15704.0)	(57, 31777.0)	(62, 23153.0)	(67, 14357.0)	(72, 23683.0)	(77, 64900.0)	(82, 23386.0)	(87, 14658.0)	(92, 9722.0)	(97, 10118.0)	(102, 6790.0)	(107, 8339.0)	(112, 7313.0)	(117, 10451.0)	(122, 14524.0)	(127, 23266.0)	(132, 65080.0)	(137, 77941.0)	(142, 362942.0)	(147, 409544.0)	(151, 3140631.0)
ERR3518741_2	(32, 40018.0)	(37, 23923.0)	(42, 19486.0)	(47, 26261.0)	(52, 29918.0)	(57, 49920.0)	(62, 32861.0)	(67, 20576.0)	(72, 25336.0)	(77, 65269.0)	(82, 23261.0)	(87, 15204.0)	(92, 9465.0)	(97, 8291.0)	(102, 5613.0)	(107, 8614.0)	(112, 7922.0)	(117, 11031.0)	(122, 12447.0)	(127, 16645.0)	(132, 61338.0)	(137, 59331.0)	(142, 363154.0)	(147, 159688.0)	(151, 3321029.0)
ERR3518742_1	(32, 13782.0)	(37, 10194.0)	(42, 7946.0)	(47, 9130.0)	(52, 11420.0)	(57, 24735.0)	(62, 17439.0)	(67, 10886.0)	(72, 16276.0)	(77, 47225.0)	(82, 16788.0)	(87, 11060.0)	(92, 7560.0)	(97, 7243.0)	(102, 5128.0)	(107, 6001.0)	(112, 5292.0)	(117, 7855.0)	(122, 10234.0)	(127, 16374.0)	(132, 56759.0)	(137, 59423.0)	(142, 336270.0)	(147, 237942.0)	(151, 3074408.0)
ERR3518742_2	(32, 24208.0)	(37, 14654.0)	(42, 9254.0)	(47, 13720.0)	(52, 13786.0)	(57, 31601.0)	(62, 19259.0)	(67, 12153.0)	(72, 16146.0)	(77, 43495.0)	(82, 16062.0)	(87, 10728.0)	(92, 7460.0)	(97, 6657.0)	(102, 4335.0)	(107, 6157.0)	(112, 5470.0)	(117, 7988.0)	(122, 8528.0)	(127, 12382.0)	(132, 52857.0)	(137, 48732.0)	(142, 337795.0)	(147, 115203.0)	(151, 3188740.0)
ERR3518753_1	(32, 9095.0)	(37, 6806.0)	(42, 8212.0)	(47, 9702.0)	(52, 13881.0)	(57, 30693.0)	(62, 16778.0)	(67, 9641.0)	(72, 12676.0)	(77, 43326.0)	(82, 14539.0)	(87, 11902.0)	(92, 7005.0)	(97, 5497.0)	(102, 4664.0)	(107, 6244.0)	(112, 5557.0)	(117, 6127.0)	(122, 8372.0)	(127, 23842.0)	(132, 106227.0)	(137, 33871.0)	(142, 222430.0)	(147, 306444.0)	(151, 2430999.0)
ERR3518753_2	(32, 27753.0)	(37, 17758.0)	(42, 16195.0)	(47, 25598.0)	(52, 27291.0)	(57, 51292.0)	(62, 28637.0)	(67, 18780.0)	(72, 16150.0)	(77, 44413.0)	(82, 15429.0)	(87, 13820.0)	(92, 7801.0)	(97, 5477.0)	(102, 4583.0)	(107, 6429.0)	(112, 6240.0)	(117, 7838.0)	(122, 9007.0)	(127, 17814.0)	(132, 110043.0)	(137, 25359.0)	(142, 218092.0)	(147, 149095.0)	(151, 2483636.0)
ERR3518754_1	(32, 5715.0)	(37, 5713.0)	(42, 5562.0)	(47, 6589.0)	(52, 9871.0)	(57, 23258.0)	(62, 12735.0)	(67, 7409.0)	(72, 8758.0)	(77, 30980.0)	(82, 10429.0)	(87, 8844.0)	(92, 5359.0)	(97, 4068.0)	(102, 3676.0)	(107, 4749.0)	(112, 4317.0)	(117, 4822.0)	(122, 6361.0)	(127, 15959.0)	(132, 100183.0)	(137, 23955.0)	(142, 207385.0)	(147, 182733.0)	(151, 2367607.0)
ERR3518754_2	(32, 15659.0)	(37, 9499.0)	(42, 7999.0)	(47, 13388.0)	(52, 12289.0)	(57, 32648.0)	(62, 15906.0)	(67, 9777.0)	(72, 9646.0)	(77, 29427.0)	(82, 11158.0)	(87, 11163.0)	(92, 6360.0)	(97, 4602.0)	(102, 3695.0)	(107, 4938.0)	(112, 4888.0)	(117, 5881.0)	(122, 6393.0)	(127, 12767.0)	(132, 102260.0)	(137, 18309.0)	(142, 204808.0)	(147, 118199.0)	(151, 2395378.0)
ERR3518769_1	(32, 9091.0)	(37, 7429.0)	(42, 9771.0)	(47, 12594.0)	(52, 10371.0)	(57, 23393.0)	(62, 20230.0)	(67, 14092.0)	(72, 15720.0)	(77, 34688.0)	(82, 13415.0)	(87, 9355.0)	(92, 6737.0)	(97, 7813.0)	(102, 4975.0)	(107, 6229.0)	(112, 6529.0)	(117, 9371.0)	(122, 10246.0)	(127, 35392.0)	(132, 254743.0)	(137, 33651.0)	(142, 169032.0)	(147, 289390.0)	(151, 2475937.0)
ERR3518769_2	(32, 24381.0)	(37, 16272.0)	(42, 17948.0)	(47, 31332.0)	(52, 20486.0)	(57, 36390.0)	(62, 27319.0)	(67, 19055.0)	(72, 18688.0)	(77, 36197.0)	(82, 12980.0)	(87, 9749.0)	(92, 6449.0)	(97, 6960.0)	(102, 4545.0)	(107, 6526.0)	(112, 7287.0)	(117, 10132.0)	(122, 9433.0)	(127, 13296.0)	(132, 263185.0)	(137, 22617.0)	(142, 169071.0)	(147, 109410.0)	(151, 2590486.0)
ERR3518770_1	(32, 5879.0)	(37, 5576.0)	(42, 6565.0)	(47, 8914.0)	(52, 7637.0)	(57, 18026.0)	(62, 15261.0)	(67, 10529.0)	(72, 11254.0)	(77, 26267.0)	(82, 9699.0)	(87, 7165.0)	(92, 5416.0)	(97, 5924.0)	(102, 3983.0)	(107, 4636.0)	(112, 4876.0)	(117, 7289.0)	(122, 7807.0)	(127, 21385.0)	(132, 243675.0)	(137, 24184.0)	(142, 156302.0)	(147, 158430.0)	(151, 2403421.0)
ERR3518770_2	(32, 14126.0)	(37, 8708.0)	(42, 7458.0)	(47, 15618.0)	(52, 8599.0)	(57, 23628.0)	(62, 15932.0)	(67, 10871.0)	(72, 11599.0)	(77, 24249.0)	(82, 9514.0)	(87, 7425.0)	(92, 5206.0)	(97, 5754.0)	(102, 3737.0)	(107, 5079.0)	(112, 5279.0)	(117, 7457.0)	(122, 6684.0)	(127, 9100.0)	(132, 249937.0)	(137, 16821.0)	(142, 155727.0)	(147, 69646.0)	(151, 2481946.0)
ERR3518780_1	(32, 6034.0)	(37, 5571.0)	(42, 8664.0)	(47, 9544.0)	(52, 8085.0)	(57, 21184.0)	(62, 12269.0)	(67, 7948.0)	(72, 9925.0)	(77, 25192.0)	(82, 10380.0)	(87, 9376.0)	(92, 7561.0)	(97, 4339.0)	(102, 4219.0)	(107, 5767.0)	(112, 4919.0)	(117, 7451.0)	(122, 8898.0)	(127, 13943.0)	(132, 254804.0)	(137, 66437.0)	(142, 404085.0)	(147, 76193.0)	(151, 2760192.0)
ERR3518780_2	(32, 11167.0)	(37, 8542.0)	(42, 8760.0)	(47, 11928.0)	(52, 8970.0)	(57, 25917.0)	(62, 13082.0)	(67, 8423.0)	(72, 9032.0)	(77, 23580.0)	(82, 8971.0)	(87, 8664.0)	(92, 7356.0)	(97, 4170.0)	(102, 4146.0)	(107, 5629.0)	(112, 5122.0)	(117, 6866.0)	(122, 7037.0)	(127, 10551.0)	(132, 252753.0)	(137, 61707.0)	(142, 401193.0)	(147, 56250.0)	(151, 2783164.0)
ERR3518791_1	(32, 7703.0)	(37, 5756.0)	(42, 7861.0)	(47, 11523.0)	(52, 8547.0)	(57, 25822.0)	(62, 13841.0)	(67, 11129.0)	(72, 11569.0)	(77, 26704.0)	(82, 12142.0)	(87, 11990.0)	(92, 6486.0)	(97, 5164.0)	(102, 5446.0)	(107, 5703.0)	(112, 4340.0)	(117, 6721.0)	(122, 8577.0)	(127, 15249.0)	(132, 360252.0)	(137, 28359.0)	(142, 131651.0)	(147, 76090.0)	(151, 2687433.0)
ERR3518791_2	(32, 12628.0)	(37, 8917.0)	(42, 7763.0)	(47, 13883.0)	(52, 9178.0)	(57, 29565.0)	(62, 14163.0)	(67, 11168.0)	(72, 10684.0)	(77, 24379.0)	(82, 10609.0)	(87, 11263.0)	(92, 5766.0)	(97, 4769.0)	(102, 4869.0)	(107, 5350.0)	(112, 4521.0)	(117, 6086.0)	(122, 7008.0)	(127, 11143.0)	(132, 360072.0)	(137, 25119.0)	(142, 129225.0)	(147, 54064.0)	(151, 2713866.0)
ERR3518798_1	(32, 7433.0)	(37, 5434.0)	(42, 5482.0)	(47, 8391.0)	(52, 8725.0)	(57, 22705.0)	(62, 15339.0)	(67, 10735.0)	(72, 10736.0)	(77, 32210.0)	(82, 10028.0)	(87, 8523.0)	(92, 5304.0)	(97, 3753.0)	(102, 3883.0)	(107, 4569.0)	(112, 4932.0)	(117, 5756.0)	(122, 6707.0)	(127, 13776.0)	(132, 97657.0)	(137, 43554.0)	(142, 248722.0)	(147, 88706.0)	(151, 2864631.0)
ERR3518798_2	(32, 12454.0)	(37, 8642.0)	(42, 7079.0)	(47, 10771.0)	(52, 8426.0)	(57, 27524.0)	(62, 14868.0)	(67, 10433.0)	(72, 10175.0)	(77, 29333.0)	(82, 8927.0)	(87, 7937.0)	(92, 4889.0)	(97, 3785.0)	(102, 3697.0)	(107, 4684.0)	(112, 4737.0)	(117, 5370.0)	(122, 6103.0)	(127, 12430.0)	(132, 95259.0)	(137, 39050.0)	(142, 246903.0)	(147, 81346.0)	(151, 2872869.0)
ERR3518807_1	(32, 7061.0)	(37, 5820.0)	(42, 5637.0)	(47, 7641.0)	(52, 7034.0)	(57, 21862.0)	(62, 11429.0)	(67, 11079.0)	(72, 12440.0)	(77, 27711.0)	(82, 12938.0)	(87, 9262.0)	(92, 6440.0)	(97, 4703.0)	(102, 4087.0)	(107, 5449.0)	(112, 5191.0)	(117, 5733.0)	(122, 6115.0)	(127, 15864.0)	(132, 169558.0)	(137, 21946.0)	(142, 85947.0)	(147, 97719.0)	(151, 2866037.0)
ERR3518807_2	(32, 13720.0)	(37, 7322.0)	(42, 5509.0)	(47, 10046.0)	(52, 7227.0)	(57, 25674.0)	(62, 10860.0)	(67, 11365.0)	(72, 12349.0)	(77, 25010.0)	(82, 11016.0)	(87, 8708.0)	(92, 6954.0)	(97, 4655.0)	(102, 3588.0)	(107, 5137.0)	(112, 4838.0)	(117, 5991.0)	(122, 6268.0)	(127, 12238.0)	(132, 169668.0)	(137, 17912.0)	(142, 84586.0)	(147, 76924.0)	(151, 2887138.0)
ERR3518820_1	(32, 4738.0)	(37, 5320.0)	(42, 7342.0)	(47, 8467.0)	(52, 7594.0)	(57, 21146.0)	(62, 12200.0)	(67, 9516.0)	(72, 13748.0)	(77, 22854.0)	(82, 10790.0)	(87, 11351.0)	(92, 6072.0)	(97, 5298.0)	(102, 4299.0)	(107, 5663.0)	(112, 4992.0)	(117, 7901.0)	(122, 6336.0)	(127, 25126.0)	(132, 392587.0)	(137, 39121.0)	(142, 325866.0)	(147, 122335.0)	(151, 2363437.0)
ERR3518820_2	(32, 10111.0)	(37, 7722.0)	(42, 6923.0)	(47, 10812.0)	(52, 8788.0)	(57, 26572.0)	(62, 12496.0)	(67, 10039.0)	(72, 13525.0)	(77, 20432.0)	(82, 8619.0)	(87, 11749.0)	(92, 5546.0)	(97, 4575.0)	(102, 3950.0)	(107, 5007.0)	(112, 4911.0)	(117, 7741.0)	(122, 5936.0)	(127, 18308.0)	(132, 395340.0)	(137, 32965.0)	(142, 325838.0)	(147, 93594.0)	(151, 2392600.0)
ERR4223600_1	(251, 437488.0)																								
ERR4223600_2	(251, 437488.0)																								
ERR4223601_1	(251, 427816.0)																								
ERR4223601_2	(251, 427816.0)																								
ERR4223602_1	(251, 462210.0)																								
ERR4223602_2	(251, 462210.0)																								
ERR4223603_1	(251, 450459.0)																								
ERR4223603_2	(251, 450459.0)																								
ERR4223604_1	(251, 395203.0)																								
ERR4223604_2	(251, 395203.0)																								
ERR4223605_1	(251, 384791.0)																								
ERR4223605_2	(251, 384791.0)																								
ERR4223606_1	(251, 411105.0)																								
ERR4223606_2	(251, 411105.0)																								
ERR4223607_1	(251, 403284.0)																								
ERR4223607_2	(251, 403284.0)																								
ERR4223608_1	(251, 568212.0)																								
ERR4223608_2	(251, 568212.0)																								
ERR4223609_1	(251, 555758.0)																								
ERR4223609_2	(251, 555758.0)																								
ERR4223610_1	(251, 436010.0)																								
ERR4223610_2	(251, 436010.0)																								
ERR4223611_1	(251, 426057.0)																								
ERR4223611_2	(251, 426057.0)																								
ERR4223612_1	(251, 365150.0)																								
ERR4223612_2	(251, 365150.0)																								
ERR4223613_1	(251, 358405.0)																								
ERR4223613_2	(251, 358405.0)																								
ERR4223614_1	(251, 467944.0)																								
ERR4223614_2	(251, 467944.0)																								
ERR4223615_1	(251, 454217.0)																								
ERR4223615_2	(251, 454217.0)																								
ERR4223616_1	(251, 455683.0)																								
ERR4223616_2	(251, 455683.0)																								
ERR4223617_1	(251, 443336.0)																								
ERR4223617_2	(251, 443336.0)																								
ERR4223618_1	(251, 420451.0)																								
ERR4223618_2	(251, 420451.0)																								
ERR4223619_1	(251, 409389.0)																								
ERR4223619_2	(251, 409389.0)																								
ERR4223620_1	(251, 476605.0)																								
ERR4223620_2	(251, 476605.0)																								
ERR4223621_1	(251, 464990.0)																								
ERR4223621_2	(251, 464990.0)																								
ERR4223622_1	(251, 415099.0)																								
ERR4223622_2	(251, 415099.0)																								
ERR4223623_1	(251, 404363.0)																								
ERR4223623_2	(251, 404363.0)																								
ERR4223624_1	(251, 408568.0)																								
ERR4223624_2	(251, 408568.0)																								
ERR4223625_1	(251, 398784.0)																								
ERR4223625_2	(251, 398784.0)																								
ERR4223626_1	(251, 476854.0)																								
ERR4223626_2	(251, 476854.0)																								
ERR4223627_1	(251, 465412.0)																								
ERR4223627_2	(251, 465412.0)																								
ERR9875453_1	(151, 1249644.0)																								
ERR9875453_2	(151, 1249644.0)																								
ERR9875457_1	(151, 1141208.0)																								
ERR9875457_2	(151, 1141208.0)																								
ERR9875459_1	(151, 1227051.0)																								
ERR9875459_2	(151, 1227051.0)																								
ERR9875461_1	(151, 1286389.0)																								
ERR9875461_2	(151, 1286389.0)																								
ERR9875463_1	(151, 1018071.0)																								
ERR9875463_2	(151, 1018071.0)																								
ERR9875466_1	(151, 1184216.0)																								
ERR9875466_2	(151, 1184216.0)																								
ERR9875467_1	(151, 1303034.0)																								
ERR9875467_2	(151, 1303034.0)																								
ERR9875470_1	(151, 1129686.0)																								
ERR9875470_2	(151, 1129686.0)																								
ERR9875473_1	(151, 1180569.0)																								
ERR9875473_2	(151, 1180569.0)																								
ERR9875474_1	(151, 1045286.0)																								
ERR9875474_2	(151, 1045286.0)																								
ERR9875475_1	(151, 1248970.0)																								
ERR9875475_2	(151, 1248970.0)																								
ERR9875477_1	(151, 1262536.0)																								
ERR9875477_2	(151, 1262536.0)																								
ERR9875478_1	(151, 1108275.0)																								
ERR9875478_2	(151, 1108275.0)																								
ERR9875480_1	(151, 1084252.0)																								
ERR9875480_2	(151, 1084252.0)																								
ERR9875482_1	(151, 1259008.0)																								
ERR9875482_2	(151, 1259008.0)																								
ERR9875485_1	(151, 1274458.0)																								
ERR9875485_2	(151, 1274458.0)																								
ERR9875486_1	(151, 1072690.0)																								
ERR9875486_2	(151, 1072690.0)																								
ERR9875487_1	(151, 1086290.0)																								
ERR9875487_2	(151, 1086290.0)																								
ERR9875489_1	(151, 1317418.0)																								
ERR9875489_2	(151, 1317418.0)																								
ERR9875491_1	(151, 986021.0)																								
ERR9875491_2	(151, 986021.0)																								
