Sample	0	1	2	3	4	5	6	7	8	9	10	11	12	13	14	15	16	17	18	19	20	21	22	23	24	25	26	27	28	29	30	31	32	33	34	35	36	37
ERR3518658_1	(17.0, 2.0)	(18.0, 8.0)	(19.0, 45.0)	(20.0, 164.0)	(21.0, 466.0)	(22.0, 1284.0)	(23.0, 3469.0)	(24.0, 7357.0)	(25.0, 13904.0)	(26.0, 23793.0)	(27.0, 35381.0)	(28.0, 43866.0)	(29.0, 47440.0)	(30.0, 49881.0)	(31.0, 51745.0)	(32.0, 56380.0)	(33.0, 64815.0)	(34.0, 81065.0)	(35.0, 109229.0)	(36.0, 160586.0)	(37.0, 403411.0)	(38.0, 1347783.0)																
ERR3518658_2	(16.0, 1.0)	(17.0, 38.0)	(18.0, 330.0)	(19.0, 910.0)	(20.0, 1508.0)	(21.0, 2383.0)	(22.0, 3601.0)	(23.0, 6329.0)	(24.0, 9837.0)	(25.0, 15116.0)	(26.0, 23790.0)	(27.0, 34509.0)	(28.0, 42963.0)	(29.0, 48377.0)	(30.0, 51434.0)	(31.0, 53907.0)	(32.0, 58411.0)	(33.0, 67600.0)	(34.0, 87244.0)	(35.0, 115728.0)	(36.0, 170972.0)	(37.0, 449717.0)	(38.0, 1257369.0)															
ERR3518664_1	(18.0, 7.0)	(19.0, 52.0)	(20.0, 278.0)	(21.0, 916.0)	(22.0, 2564.0)	(23.0, 5769.0)	(24.0, 11586.0)	(25.0, 20061.0)	(26.0, 30031.0)	(27.0, 40608.0)	(28.0, 51274.0)	(29.0, 64760.0)	(30.0, 81890.0)	(31.0, 103876.0)	(32.0, 133324.0)	(33.0, 176021.0)	(34.0, 278989.0)	(35.0, 765272.0)	(36.0, 1675797.0)	(37.0, 823087.0)	(38.0, 11302.0)	(39.0, 2047.0)	(40.0, 29.0)															
ERR3518664_2	(18.0, 15.0)	(19.0, 133.0)	(20.0, 608.0)	(21.0, 1822.0)	(22.0, 4502.0)	(23.0, 9389.0)	(24.0, 16828.0)	(25.0, 26761.0)	(26.0, 38399.0)	(27.0, 48605.0)	(28.0, 59452.0)	(29.0, 71435.0)	(30.0, 87649.0)	(31.0, 110355.0)	(32.0, 139765.0)	(33.0, 186542.0)	(34.0, 290180.0)	(35.0, 778296.0)	(36.0, 1598007.0)	(37.0, 796857.0)	(38.0, 12227.0)	(39.0, 1701.0)	(40.0, 12.0)															
ERR3518669_1	(18.0, 8.0)	(19.0, 52.0)	(20.0, 254.0)	(21.0, 763.0)	(22.0, 2258.0)	(23.0, 5296.0)	(24.0, 9868.0)	(25.0, 16912.0)	(26.0, 25828.0)	(27.0, 35169.0)	(28.0, 45109.0)	(29.0, 56308.0)	(30.0, 69588.0)	(31.0, 87730.0)	(32.0, 113444.0)	(33.0, 152789.0)	(34.0, 245948.0)	(35.0, 666219.0)	(36.0, 1457665.0)	(37.0, 691017.0)	(38.0, 17702.0)	(39.0, 1566.0)	(40.0, 14.0)															
ERR3518669_2	(17.0, 2.0)	(18.0, 16.0)	(19.0, 109.0)	(20.0, 485.0)	(21.0, 1502.0)	(22.0, 3706.0)	(23.0, 7683.0)	(24.0, 13507.0)	(25.0, 21817.0)	(26.0, 32090.0)	(27.0, 41627.0)	(28.0, 50569.0)	(29.0, 61300.0)	(30.0, 74172.0)	(31.0, 92863.0)	(32.0, 119252.0)	(33.0, 159983.0)	(34.0, 251740.0)	(35.0, 671913.0)	(36.0, 1407122.0)	(37.0, 665948.0)	(38.0, 22709.0)	(39.0, 1379.0)	(40.0, 13.0)														
ERR3518674_1	(18.0, 10.0)	(19.0, 57.0)	(20.0, 270.0)	(21.0, 973.0)	(22.0, 2659.0)	(23.0, 5789.0)	(24.0, 11421.0)	(25.0, 19128.0)	(26.0, 29046.0)	(27.0, 39394.0)	(28.0, 51037.0)	(29.0, 63334.0)	(30.0, 79020.0)	(31.0, 98982.0)	(32.0, 127892.0)	(33.0, 171520.0)	(34.0, 273268.0)	(35.0, 746213.0)	(36.0, 1680009.0)	(37.0, 757520.0)	(38.0, 11219.0)	(39.0, 1691.0)	(40.0, 14.0)															
ERR3518674_2	(17.0, 1.0)	(18.0, 12.0)	(19.0, 138.0)	(20.0, 578.0)	(21.0, 1698.0)	(22.0, 4325.0)	(23.0, 8842.0)	(24.0, 15493.0)	(25.0, 24861.0)	(26.0, 36394.0)	(27.0, 46832.0)	(28.0, 57325.0)	(29.0, 68981.0)	(30.0, 83832.0)	(31.0, 104583.0)	(32.0, 133691.0)	(33.0, 179362.0)	(34.0, 282384.0)	(35.0, 753553.0)	(36.0, 1626621.0)	(37.0, 725761.0)	(38.0, 13752.0)	(39.0, 1435.0)	(40.0, 12.0)														
ERR3518680_1	(18.0, 12.0)	(19.0, 78.0)	(20.0, 359.0)	(21.0, 1007.0)	(22.0, 2728.0)	(23.0, 6401.0)	(24.0, 12748.0)	(25.0, 22715.0)	(26.0, 34307.0)	(27.0, 44107.0)	(28.0, 54776.0)	(29.0, 67818.0)	(30.0, 83757.0)	(31.0, 103819.0)	(32.0, 133015.0)	(33.0, 181690.0)	(34.0, 304173.0)	(35.0, 828881.0)	(36.0, 1339289.0)	(37.0, 541059.0)	(38.0, 5480.0)	(39.0, 1224.0)	(40.0, 18.0)															
ERR3518680_2	(17.0, 1.0)	(18.0, 16.0)	(19.0, 221.0)	(20.0, 902.0)	(21.0, 2669.0)	(22.0, 6405.0)	(23.0, 12078.0)	(24.0, 20462.0)	(25.0, 31470.0)	(26.0, 43834.0)	(27.0, 55112.0)	(28.0, 65095.0)	(29.0, 76010.0)	(30.0, 91845.0)	(31.0, 113297.0)	(32.0, 142689.0)	(33.0, 196612.0)	(34.0, 325992.0)	(35.0, 840116.0)	(36.0, 1226984.0)	(37.0, 510829.0)	(38.0, 5548.0)	(39.0, 1250.0)	(40.0, 24.0)														
ERR3518689_1	(18.0, 12.0)	(19.0, 105.0)	(20.0, 340.0)	(21.0, 1245.0)	(22.0, 3391.0)	(23.0, 7609.0)	(24.0, 15622.0)	(25.0, 28222.0)	(26.0, 43624.0)	(27.0, 55848.0)	(28.0, 68598.0)	(29.0, 85941.0)	(30.0, 107343.0)	(31.0, 135107.0)	(32.0, 171302.0)	(33.0, 231396.0)	(34.0, 376028.0)	(35.0, 981312.0)	(36.0, 1995188.0)	(37.0, 822607.0)	(38.0, 6326.0)	(39.0, 1402.0)	(40.0, 21.0)															
ERR3518689_2	(17.0, 3.0)	(18.0, 36.0)	(19.0, 292.0)	(20.0, 1350.0)	(21.0, 4336.0)	(22.0, 10483.0)	(23.0, 19139.0)	(24.0, 30756.0)	(25.0, 46300.0)	(26.0, 63823.0)	(27.0, 76981.0)	(28.0, 88290.0)	(29.0, 103246.0)	(30.0, 124328.0)	(31.0, 154600.0)	(32.0, 194511.0)	(33.0, 267437.0)	(34.0, 441596.0)	(35.0, 1137490.0)	(36.0, 1726375.0)	(37.0, 639985.0)	(38.0, 6012.0)	(39.0, 1213.0)	(40.0, 7.0)														
ERR3518695_1	(17.0, 1.0)	(18.0, 24.0)	(19.0, 153.0)	(20.0, 568.0)	(21.0, 1736.0)	(22.0, 4201.0)	(23.0, 9211.0)	(24.0, 17592.0)	(25.0, 29555.0)	(26.0, 43356.0)	(27.0, 57657.0)	(28.0, 72252.0)	(29.0, 89038.0)	(30.0, 110350.0)	(31.0, 135892.0)	(32.0, 173710.0)	(33.0, 234937.0)	(34.0, 374975.0)	(35.0, 834340.0)	(36.0, 1269752.0)	(37.0, 481502.0)	(38.0, 8261.0)	(39.0, 1378.0)	(40.0, 12.0)														
ERR3518695_2	(17.0, 3.0)	(18.0, 84.0)	(19.0, 776.0)	(20.0, 3156.0)	(21.0, 8712.0)	(22.0, 17568.0)	(23.0, 31084.0)	(24.0, 49565.0)	(25.0, 72687.0)	(26.0, 100484.0)	(27.0, 130887.0)	(28.0, 128081.0)	(29.0, 147683.0)	(30.0, 150329.0)	(31.0, 165340.0)	(32.0, 213847.0)	(33.0, 286626.0)	(34.0, 437098.0)	(35.0, 797817.0)	(36.0, 921105.0)	(37.0, 281855.0)	(38.0, 5009.0)	(39.0, 653.0)	(40.0, 4.0)														
ERR3518702_1	(18.0, 13.0)	(19.0, 104.0)	(20.0, 388.0)	(21.0, 1194.0)	(22.0, 3238.0)	(23.0, 7237.0)	(24.0, 14930.0)	(25.0, 26349.0)	(26.0, 40646.0)	(27.0, 51551.0)	(28.0, 63163.0)	(29.0, 76900.0)	(30.0, 93747.0)	(31.0, 117786.0)	(32.0, 150732.0)	(33.0, 205634.0)	(34.0, 339917.0)	(35.0, 914416.0)	(36.0, 1657649.0)	(37.0, 728621.0)	(38.0, 6099.0)	(39.0, 1337.0)	(40.0, 11.0)															
ERR3518702_2	(17.0, 2.0)	(18.0, 39.0)	(19.0, 237.0)	(20.0, 1053.0)	(21.0, 3046.0)	(22.0, 7481.0)	(23.0, 13798.0)	(24.0, 22418.0)	(25.0, 35075.0)	(26.0, 49792.0)	(27.0, 61148.0)	(28.0, 72659.0)	(29.0, 85751.0)	(30.0, 102524.0)	(31.0, 128241.0)	(32.0, 165419.0)	(33.0, 226303.0)	(34.0, 369172.0)	(35.0, 994848.0)	(36.0, 1523339.0)	(37.0, 631415.0)	(38.0, 6572.0)	(39.0, 1322.0)	(40.0, 8.0)														
ERR3518707_1	(17.0, 2.0)	(18.0, 33.0)	(19.0, 183.0)	(20.0, 666.0)	(21.0, 2008.0)	(22.0, 4842.0)	(23.0, 10507.0)	(24.0, 20002.0)	(25.0, 34124.0)	(26.0, 51477.0)	(27.0, 67754.0)	(28.0, 84291.0)	(29.0, 105493.0)	(30.0, 130692.0)	(31.0, 162947.0)	(32.0, 209327.0)	(33.0, 280383.0)	(34.0, 445213.0)	(35.0, 999582.0)	(36.0, 1632649.0)	(37.0, 693647.0)	(38.0, 7941.0)	(39.0, 1229.0)	(40.0, 8.0)														
ERR3518707_2	(17.0, 4.0)	(18.0, 114.0)	(19.0, 877.0)	(20.0, 3723.0)	(21.0, 9480.0)	(22.0, 19117.0)	(23.0, 32199.0)	(24.0, 50515.0)	(25.0, 75624.0)	(26.0, 108323.0)	(27.0, 148794.0)	(28.0, 147095.0)	(29.0, 171741.0)	(30.0, 178896.0)	(31.0, 192351.0)	(32.0, 249190.0)	(33.0, 337526.0)	(34.0, 518697.0)	(35.0, 999218.0)	(36.0, 1234866.0)	(37.0, 461302.0)	(38.0, 4651.0)	(39.0, 692.0)	(40.0, 5.0)														
ERR3518711_1	(16.0, 1.0)	(17.0, 1.0)	(18.0, 18.0)	(19.0, 142.0)	(20.0, 496.0)	(21.0, 1431.0)	(22.0, 3668.0)	(23.0, 7753.0)	(24.0, 15174.0)	(25.0, 25506.0)	(26.0, 36843.0)	(27.0, 48432.0)	(28.0, 60420.0)	(29.0, 75128.0)	(30.0, 93361.0)	(31.0, 117610.0)	(32.0, 151737.0)	(33.0, 206759.0)	(34.0, 332109.0)	(35.0, 742453.0)	(36.0, 1117302.0)	(37.0, 427599.0)	(38.0, 12389.0)	(39.0, 1359.0)	(40.0, 9.0)													
ERR3518711_2	(17.0, 1.0)	(18.0, 76.0)	(19.0, 657.0)	(20.0, 2664.0)	(21.0, 7127.0)	(22.0, 14378.0)	(23.0, 24202.0)	(24.0, 38811.0)	(25.0, 57085.0)	(26.0, 80718.0)	(27.0, 108003.0)	(28.0, 105043.0)	(29.0, 125954.0)	(30.0, 124524.0)	(31.0, 140603.0)	(32.0, 184993.0)	(33.0, 252252.0)	(34.0, 386351.0)	(35.0, 732302.0)	(36.0, 844382.0)	(37.0, 238636.0)	(38.0, 8288.0)	(39.0, 650.0)															
ERR3518719_1	(17.0, 1.0)	(18.0, 3.0)	(19.0, 36.0)	(20.0, 99.0)	(21.0, 353.0)	(22.0, 1014.0)	(23.0, 2537.0)	(24.0, 5165.0)	(25.0, 9459.0)	(26.0, 14156.0)	(27.0, 19351.0)	(28.0, 24891.0)	(29.0, 31224.0)	(30.0, 38310.0)	(31.0, 47895.0)	(32.0, 60542.0)	(33.0, 80510.0)	(34.0, 125153.0)	(35.0, 413017.0)	(36.0, 1127809.0)	(37.0, 670912.0)	(38.0, 7820.0)	(39.0, 1444.0)	(40.0, 12.0)														
ERR3518719_2	(17.0, 1.0)	(18.0, 10.0)	(19.0, 70.0)	(20.0, 273.0)	(21.0, 881.0)	(22.0, 2251.0)	(23.0, 4551.0)	(24.0, 8012.0)	(25.0, 13328.0)	(26.0, 19247.0)	(27.0, 25054.0)	(28.0, 30603.0)	(29.0, 36679.0)	(30.0, 44950.0)	(31.0, 55900.0)	(32.0, 70930.0)	(33.0, 96647.0)	(34.0, 165892.0)	(35.0, 605498.0)	(36.0, 1074580.0)	(37.0, 419921.0)	(38.0, 5633.0)	(39.0, 797.0)	(40.0, 5.0)														
ERR3518728_1	(18.0, 5.0)	(19.0, 28.0)	(20.0, 169.0)	(21.0, 586.0)	(22.0, 1727.0)	(23.0, 4112.0)	(24.0, 8453.0)	(25.0, 14358.0)	(26.0, 21933.0)	(27.0, 29113.0)	(28.0, 36017.0)	(29.0, 44314.0)	(30.0, 53529.0)	(31.0, 64527.0)	(32.0, 81272.0)	(33.0, 110755.0)	(34.0, 184664.0)	(35.0, 661105.0)	(36.0, 1642137.0)	(37.0, 902585.0)	(38.0, 7266.0)	(39.0, 1721.0)	(40.0, 25.0)															
ERR3518728_2	(18.0, 7.0)	(19.0, 84.0)	(20.0, 371.0)	(21.0, 1212.0)	(22.0, 3376.0)	(23.0, 7129.0)	(24.0, 12994.0)	(25.0, 20305.0)	(26.0, 29180.0)	(27.0, 36939.0)	(28.0, 44160.0)	(29.0, 51304.0)	(30.0, 61764.0)	(31.0, 75333.0)	(32.0, 96094.0)	(33.0, 137242.0)	(34.0, 249846.0)	(35.0, 910321.0)	(36.0, 1523700.0)	(37.0, 603022.0)	(38.0, 5046.0)	(39.0, 962.0)	(40.0, 10.0)															
ERR3518741_1	(17.0, 1.0)	(18.0, 15.0)	(19.0, 102.0)	(20.0, 429.0)	(21.0, 1303.0)	(22.0, 3217.0)	(23.0, 7494.0)	(24.0, 15055.0)	(25.0, 25686.0)	(26.0, 38679.0)	(27.0, 52153.0)	(28.0, 65577.0)	(29.0, 81554.0)	(30.0, 101478.0)	(31.0, 126282.0)	(32.0, 159348.0)	(33.0, 212278.0)	(34.0, 339611.0)	(35.0, 909859.0)	(36.0, 1467486.0)	(37.0, 794290.0)	(38.0, 12235.0)	(39.0, 2454.0)	(40.0, 15.0)														
ERR3518741_2	(17.0, 2.0)	(18.0, 51.0)	(19.0, 442.0)	(20.0, 1817.0)	(21.0, 5348.0)	(22.0, 12223.0)	(23.0, 23717.0)	(24.0, 41516.0)	(25.0, 66326.0)	(26.0, 107867.0)	(27.0, 192898.0)	(28.0, 137640.0)	(29.0, 190725.0)	(30.0, 157481.0)	(31.0, 184108.0)	(32.0, 236213.0)	(33.0, 352650.0)	(34.0, 527563.0)	(35.0, 960319.0)	(36.0, 933974.0)	(37.0, 279287.0)	(38.0, 3992.0)	(39.0, 442.0)															
ERR3518742_1	(17.0, 2.0)	(18.0, 10.0)	(19.0, 81.0)	(20.0, 277.0)	(21.0, 838.0)	(22.0, 2264.0)	(23.0, 5385.0)	(24.0, 10863.0)	(25.0, 18686.0)	(26.0, 28274.0)	(27.0, 37858.0)	(28.0, 48306.0)	(29.0, 60619.0)	(30.0, 75231.0)	(31.0, 94725.0)	(32.0, 121831.0)	(33.0, 163297.0)	(34.0, 258592.0)	(35.0, 719702.0)	(36.0, 1457805.0)	(37.0, 910281.0)	(38.0, 9989.0)	(39.0, 2434.0)	(40.0, 20.0)														
ERR3518742_2	(18.0, 21.0)	(19.0, 131.0)	(20.0, 652.0)	(21.0, 2024.0)	(22.0, 4598.0)	(23.0, 9416.0)	(24.0, 16514.0)	(25.0, 25493.0)	(26.0, 36276.0)	(27.0, 46703.0)	(28.0, 57162.0)	(29.0, 67926.0)	(30.0, 81922.0)	(31.0, 101805.0)	(32.0, 129683.0)	(33.0, 173497.0)	(34.0, 274119.0)	(35.0, 750167.0)	(36.0, 1386087.0)	(37.0, 850507.0)	(38.0, 10069.0)	(39.0, 2582.0)	(40.0, 16.0)															
ERR3518753_1	(17.0, 1.0)	(18.0, 10.0)	(19.0, 73.0)	(20.0, 251.0)	(21.0, 862.0)	(22.0, 2533.0)	(23.0, 5760.0)	(24.0, 11951.0)	(25.0, 20469.0)	(26.0, 31035.0)	(27.0, 40977.0)	(28.0, 51351.0)	(29.0, 63124.0)	(30.0, 76440.0)	(31.0, 94356.0)	(32.0, 121868.0)	(33.0, 163718.0)	(34.0, 268973.0)	(35.0, 747202.0)	(36.0, 1165960.0)	(37.0, 479205.0)	(38.0, 6103.0)	(39.0, 2285.0)	(40.0, 23.0)														
ERR3518753_2	(17.0, 2.0)	(18.0, 59.0)	(19.0, 411.0)	(20.0, 1911.0)	(21.0, 5712.0)	(22.0, 13613.0)	(23.0, 25020.0)	(24.0, 41736.0)	(25.0, 62043.0)	(26.0, 100451.0)	(27.0, 154110.0)	(28.0, 115233.0)	(29.0, 153622.0)	(30.0, 122071.0)	(31.0, 150323.0)	(32.0, 196078.0)	(33.0, 287688.0)	(34.0, 447522.0)	(35.0, 714010.0)	(36.0, 657315.0)	(37.0, 102712.0)	(38.0, 2343.0)	(39.0, 545.0)															
ERR3518754_1	(18.0, 9.0)	(19.0, 38.0)	(20.0, 195.0)	(21.0, 630.0)	(22.0, 1844.0)	(23.0, 4374.0)	(24.0, 8999.0)	(25.0, 15291.0)	(26.0, 23052.0)	(27.0, 30671.0)	(28.0, 37834.0)	(29.0, 47048.0)	(30.0, 56957.0)	(31.0, 71333.0)	(32.0, 92165.0)	(33.0, 125490.0)	(34.0, 200582.0)	(35.0, 571077.0)	(36.0, 1206988.0)	(37.0, 565467.0)	(38.0, 4870.0)	(39.0, 2098.0)	(40.0, 25.0)															
ERR3518754_2	(18.0, 14.0)	(19.0, 132.0)	(20.0, 651.0)	(21.0, 2119.0)	(22.0, 5339.0)	(23.0, 10313.0)	(24.0, 17281.0)	(25.0, 25356.0)	(26.0, 35056.0)	(27.0, 42814.0)	(28.0, 51085.0)	(29.0, 57829.0)	(30.0, 66844.0)	(31.0, 82318.0)	(32.0, 106350.0)	(33.0, 144903.0)	(34.0, 241184.0)	(35.0, 663107.0)	(36.0, 1073335.0)	(37.0, 433743.0)	(38.0, 4924.0)	(39.0, 2328.0)	(40.0, 12.0)															
ERR3518769_1	(18.0, 14.0)	(19.0, 69.0)	(20.0, 305.0)	(21.0, 985.0)	(22.0, 2732.0)	(23.0, 6218.0)	(24.0, 12399.0)	(25.0, 21290.0)	(26.0, 31671.0)	(27.0, 41619.0)	(28.0, 53655.0)	(29.0, 67050.0)	(30.0, 80727.0)	(31.0, 97531.0)	(32.0, 121395.0)	(33.0, 162433.0)	(34.0, 266420.0)	(35.0, 735768.0)	(36.0, 1261102.0)	(37.0, 518368.0)	(38.0, 6880.0)	(39.0, 1554.0)	(40.0, 9.0)															
ERR3518769_2	(17.0, 2.0)	(18.0, 54.0)	(19.0, 412.0)	(20.0, 1612.0)	(21.0, 5159.0)	(22.0, 12015.0)	(23.0, 22908.0)	(24.0, 38008.0)	(25.0, 57601.0)	(26.0, 92452.0)	(27.0, 155868.0)	(28.0, 114309.0)	(29.0, 155594.0)	(30.0, 124761.0)	(31.0, 148536.0)	(32.0, 192462.0)	(33.0, 289158.0)	(34.0, 437862.0)	(35.0, 780055.0)	(36.0, 717364.0)	(37.0, 141587.0)	(38.0, 2151.0)	(39.0, 264.0)															
ERR3518770_1	(17.0, 1.0)	(18.0, 12.0)	(19.0, 63.0)	(20.0, 226.0)	(21.0, 758.0)	(22.0, 2007.0)	(23.0, 4680.0)	(24.0, 9108.0)	(25.0, 15567.0)	(26.0, 23093.0)	(27.0, 30791.0)	(28.0, 39745.0)	(29.0, 50033.0)	(30.0, 60255.0)	(31.0, 74624.0)	(32.0, 93303.0)	(33.0, 124251.0)	(34.0, 200945.0)	(35.0, 554031.0)	(36.0, 1288353.0)	(37.0, 601010.0)	(38.0, 5722.0)	(39.0, 1514.0)	(40.0, 8.0)														
ERR3518770_2	(17.0, 1.0)	(18.0, 18.0)	(19.0, 158.0)	(20.0, 585.0)	(21.0, 1678.0)	(22.0, 4410.0)	(23.0, 8999.0)	(24.0, 14873.0)	(25.0, 22564.0)	(26.0, 31222.0)	(27.0, 39365.0)	(28.0, 49295.0)	(29.0, 57991.0)	(30.0, 67976.0)	(31.0, 81834.0)	(32.0, 102197.0)	(33.0, 138364.0)	(34.0, 224222.0)	(35.0, 632464.0)	(36.0, 1169493.0)	(37.0, 525391.0)	(38.0, 5637.0)	(39.0, 1355.0)	(40.0, 8.0)														
ERR3518780_1	(17.0, 1.0)	(18.0, 9.0)	(19.0, 53.0)	(20.0, 205.0)	(21.0, 724.0)	(22.0, 2147.0)	(23.0, 4717.0)	(24.0, 9438.0)	(25.0, 16316.0)	(26.0, 23335.0)	(27.0, 30057.0)	(28.0, 36973.0)	(29.0, 45196.0)	(30.0, 54314.0)	(31.0, 66763.0)	(32.0, 82672.0)	(33.0, 112144.0)	(34.0, 187306.0)	(35.0, 608763.0)	(36.0, 1570166.0)	(37.0, 895048.0)	(38.0, 5187.0)	(39.0, 1433.0)	(40.0, 13.0)														
ERR3518780_2	(17.0, 1.0)	(18.0, 10.0)	(19.0, 84.0)	(20.0, 425.0)	(21.0, 1267.0)	(22.0, 3267.0)	(23.0, 6978.0)	(24.0, 12359.0)	(25.0, 19915.0)	(26.0, 27635.0)	(27.0, 35235.0)	(28.0, 42878.0)	(29.0, 49780.0)	(30.0, 60572.0)	(31.0, 74869.0)	(32.0, 95577.0)	(33.0, 131938.0)	(34.0, 231005.0)	(35.0, 779338.0)	(36.0, 1508162.0)	(37.0, 666507.0)	(38.0, 4117.0)	(39.0, 1056.0)	(40.0, 5.0)														
ERR3518791_1	(17.0, 1.0)	(18.0, 9.0)	(19.0, 48.0)	(20.0, 180.0)	(21.0, 660.0)	(22.0, 1904.0)	(23.0, 4435.0)	(24.0, 8676.0)	(25.0, 14878.0)	(26.0, 21771.0)	(27.0, 28048.0)	(28.0, 35344.0)	(29.0, 43506.0)	(30.0, 52841.0)	(31.0, 64571.0)	(32.0, 81110.0)	(33.0, 109479.0)	(34.0, 174296.0)	(35.0, 560218.0)	(36.0, 1481841.0)	(37.0, 804145.0)	(38.0, 6245.0)	(39.0, 1841.0)	(40.0, 11.0)														
ERR3518791_2	(18.0, 9.0)	(19.0, 102.0)	(20.0, 423.0)	(21.0, 1266.0)	(22.0, 3178.0)	(23.0, 6335.0)	(24.0, 11555.0)	(25.0, 18410.0)	(26.0, 25498.0)	(27.0, 32971.0)	(28.0, 39674.0)	(29.0, 46600.0)	(30.0, 57710.0)	(31.0, 70610.0)	(32.0, 89761.0)	(33.0, 124414.0)	(34.0, 208644.0)	(35.0, 693132.0)	(36.0, 1474763.0)	(37.0, 584729.0)	(38.0, 5100.0)	(39.0, 1172.0)	(40.0, 2.0)															
ERR3518798_1	(18.0, 6.0)	(19.0, 63.0)	(20.0, 205.0)	(21.0, 704.0)	(22.0, 2040.0)	(23.0, 4735.0)	(24.0, 9317.0)	(25.0, 15695.0)	(26.0, 22781.0)	(27.0, 29733.0)	(28.0, 37717.0)	(29.0, 45336.0)	(30.0, 54448.0)	(31.0, 66335.0)	(32.0, 82037.0)	(33.0, 109711.0)	(34.0, 182644.0)	(35.0, 614955.0)	(36.0, 1422243.0)	(37.0, 829049.0)	(38.0, 5986.0)	(39.0, 1927.0)	(40.0, 24.0)															
ERR3518798_2	(18.0, 13.0)	(19.0, 80.0)	(20.0, 384.0)	(21.0, 1199.0)	(22.0, 3139.0)	(23.0, 6788.0)	(24.0, 12055.0)	(25.0, 19235.0)	(26.0, 26640.0)	(27.0, 34114.0)	(28.0, 41535.0)	(29.0, 49353.0)	(30.0, 59167.0)	(31.0, 73844.0)	(32.0, 93597.0)	(33.0, 130702.0)	(34.0, 229701.0)	(35.0, 794709.0)	(36.0, 1374558.0)	(37.0, 580846.0)	(38.0, 4892.0)	(39.0, 1133.0)	(40.0, 7.0)															
ERR3518807_1	(18.0, 6.0)	(19.0, 38.0)	(20.0, 177.0)	(21.0, 542.0)	(22.0, 1459.0)	(23.0, 3650.0)	(24.0, 8205.0)	(25.0, 15431.0)	(26.0, 22285.0)	(27.0, 28879.0)	(28.0, 36028.0)	(29.0, 43713.0)	(30.0, 52410.0)	(31.0, 63952.0)	(32.0, 79766.0)	(33.0, 108024.0)	(34.0, 180299.0)	(35.0, 588359.0)	(36.0, 1429281.0)	(37.0, 764609.0)	(38.0, 5601.0)	(39.0, 1980.0)	(40.0, 9.0)															
ERR3518807_2	(17.0, 1.0)	(18.0, 7.0)	(19.0, 73.0)	(20.0, 385.0)	(21.0, 1120.0)	(22.0, 2801.0)	(23.0, 5934.0)	(24.0, 11243.0)	(25.0, 18701.0)	(26.0, 25323.0)	(27.0, 32095.0)	(28.0, 38670.0)	(29.0, 46726.0)	(30.0, 57981.0)	(31.0, 72606.0)	(32.0, 92633.0)	(33.0, 126220.0)	(34.0, 218354.0)	(35.0, 717012.0)	(36.0, 1342401.0)	(37.0, 617342.0)	(38.0, 5578.0)	(39.0, 1490.0)	(40.0, 7.0)														
ERR3518820_1	(18.0, 8.0)	(19.0, 39.0)	(20.0, 174.0)	(21.0, 615.0)	(22.0, 1633.0)	(23.0, 3926.0)	(24.0, 8041.0)	(25.0, 14073.0)	(26.0, 21612.0)	(27.0, 28718.0)	(28.0, 35553.0)	(29.0, 43615.0)	(30.0, 52279.0)	(31.0, 62601.0)	(32.0, 79052.0)	(33.0, 105925.0)	(34.0, 177664.0)	(35.0, 565459.0)	(36.0, 1475543.0)	(37.0, 761209.0)	(38.0, 4891.0)	(39.0, 1454.0)	(40.0, 15.0)															
ERR3518820_2	(18.0, 6.0)	(19.0, 70.0)	(20.0, 331.0)	(21.0, 1165.0)	(22.0, 3193.0)	(23.0, 6886.0)	(24.0, 11730.0)	(25.0, 19111.0)	(26.0, 27255.0)	(27.0, 34300.0)	(28.0, 40912.0)	(29.0, 47841.0)	(30.0, 57800.0)	(31.0, 69418.0)	(32.0, 88330.0)	(33.0, 120270.0)	(34.0, 204052.0)	(35.0, 633044.0)	(36.0, 1443078.0)	(37.0, 629753.0)	(38.0, 4410.0)	(39.0, 1138.0)	(40.0, 6.0)															
ERR4223600_1	(16.0, 6.0)	(17.0, 17.0)	(18.0, 98.0)	(19.0, 282.0)	(20.0, 630.0)	(21.0, 1152.0)	(22.0, 1895.0)	(23.0, 2781.0)	(24.0, 4433.0)	(25.0, 6273.0)	(26.0, 7945.0)	(27.0, 9990.0)	(28.0, 11612.0)	(29.0, 12394.0)	(30.0, 13226.0)	(31.0, 14437.0)	(32.0, 15972.0)	(33.0, 18679.0)	(34.0, 22570.0)	(35.0, 28433.0)	(36.0, 39808.0)	(37.0, 66032.0)	(38.0, 122024.0)	(39.0, 36799.0)														
ERR4223600_2	(2.0, 43.0)	(3.0, 27.0)	(4.0, 17.0)	(5.0, 29.0)	(6.0, 19.0)	(7.0, 12.0)	(8.0, 13.0)	(9.0, 12.0)	(10.0, 18.0)	(11.0, 12.0)	(12.0, 18.0)	(13.0, 14.0)	(14.0, 18.0)	(15.0, 51.0)	(16.0, 295.0)	(17.0, 425.0)	(18.0, 744.0)	(19.0, 1386.0)	(20.0, 2222.0)	(21.0, 2923.0)	(22.0, 3811.0)	(23.0, 5031.0)	(24.0, 7211.0)	(25.0, 9660.0)	(26.0, 11711.0)	(27.0, 13974.0)	(28.0, 15135.0)	(29.0, 16006.0)	(30.0, 17032.0)	(31.0, 18814.0)	(32.0, 21315.0)	(33.0, 24822.0)	(34.0, 30038.0)	(35.0, 39113.0)	(36.0, 55656.0)	(37.0, 77187.0)	(38.0, 58306.0)	(39.0, 4368.0)
ERR4223601_1	(14.0, 2.0)	(15.0, 0.0)	(16.0, 11.0)	(17.0, 30.0)	(18.0, 134.0)	(19.0, 421.0)	(20.0, 872.0)	(21.0, 1570.0)	(22.0, 2218.0)	(23.0, 3274.0)	(24.0, 4817.0)	(25.0, 6867.0)	(26.0, 8633.0)	(27.0, 10250.0)	(28.0, 11741.0)	(29.0, 12838.0)	(30.0, 13474.0)	(31.0, 14483.0)	(32.0, 16167.0)	(33.0, 18522.0)	(34.0, 22093.0)	(35.0, 27376.0)	(36.0, 37207.0)	(37.0, 58950.0)	(38.0, 109721.0)	(39.0, 46145.0)												
ERR4223601_2	(3.0, 4.0)	(4.0, 1.0)	(5.0, 5.0)	(6.0, 3.0)	(7.0, 4.0)	(8.0, 4.0)	(9.0, 2.0)	(10.0, 7.0)	(11.0, 8.0)	(12.0, 8.0)	(13.0, 10.0)	(14.0, 9.0)	(15.0, 66.0)	(16.0, 362.0)	(17.0, 437.0)	(18.0, 739.0)	(19.0, 1558.0)	(20.0, 2591.0)	(21.0, 3599.0)	(22.0, 4354.0)	(23.0, 5606.0)	(24.0, 7837.0)	(25.0, 10429.0)	(26.0, 12284.0)	(27.0, 14008.0)	(28.0, 15509.0)	(29.0, 16238.0)	(30.0, 17440.0)	(31.0, 18808.0)	(32.0, 20870.0)	(33.0, 24499.0)	(34.0, 29361.0)	(35.0, 36667.0)	(36.0, 51654.0)	(37.0, 73702.0)	(38.0, 55846.0)	(39.0, 3287.0)	
ERR4223602_1	(16.0, 8.0)	(17.0, 21.0)	(18.0, 81.0)	(19.0, 260.0)	(20.0, 620.0)	(21.0, 1158.0)	(22.0, 1948.0)	(23.0, 2928.0)	(24.0, 4606.0)	(25.0, 6651.0)	(26.0, 8215.0)	(27.0, 10111.0)	(28.0, 12293.0)	(29.0, 13151.0)	(30.0, 14114.0)	(31.0, 15723.0)	(32.0, 17123.0)	(33.0, 19537.0)	(34.0, 23029.0)	(35.0, 29544.0)	(36.0, 41668.0)	(37.0, 68838.0)	(38.0, 129690.0)	(39.0, 40893.0)														
ERR4223602_2	(2.0, 60.0)	(3.0, 21.0)	(4.0, 14.0)	(5.0, 20.0)	(6.0, 20.0)	(7.0, 23.0)	(8.0, 17.0)	(9.0, 19.0)	(10.0, 15.0)	(11.0, 15.0)	(12.0, 22.0)	(13.0, 19.0)	(14.0, 11.0)	(15.0, 39.0)	(16.0, 169.0)	(17.0, 298.0)	(18.0, 552.0)	(19.0, 1192.0)	(20.0, 2042.0)	(21.0, 2996.0)	(22.0, 3629.0)	(23.0, 4999.0)	(24.0, 7391.0)	(25.0, 10113.0)	(26.0, 11995.0)	(27.0, 13865.0)	(28.0, 15641.0)	(29.0, 16685.0)	(30.0, 17911.0)	(31.0, 19615.0)	(32.0, 22353.0)	(33.0, 25996.0)	(34.0, 31378.0)	(35.0, 40148.0)	(36.0, 56170.0)	(37.0, 82040.0)	(38.0, 69038.0)	(39.0, 5679.0)
ERR4223603_1	(15.0, 1.0)	(16.0, 10.0)	(17.0, 48.0)	(18.0, 126.0)	(19.0, 402.0)	(20.0, 843.0)	(21.0, 1556.0)	(22.0, 2286.0)	(23.0, 3544.0)	(24.0, 5155.0)	(25.0, 7260.0)	(26.0, 8766.0)	(27.0, 10478.0)	(28.0, 12610.0)	(29.0, 12996.0)	(30.0, 14241.0)	(31.0, 15387.0)	(32.0, 16911.0)	(33.0, 19080.0)	(34.0, 22704.0)	(35.0, 28500.0)	(36.0, 39166.0)	(37.0, 61426.0)	(38.0, 116375.0)	(39.0, 50588.0)													
ERR4223603_2	(3.0, 4.0)	(4.0, 3.0)	(5.0, 4.0)	(6.0, 2.0)	(7.0, 6.0)	(8.0, 4.0)	(9.0, 7.0)	(10.0, 4.0)	(11.0, 10.0)	(12.0, 14.0)	(13.0, 6.0)	(14.0, 6.0)	(15.0, 30.0)	(16.0, 163.0)	(17.0, 303.0)	(18.0, 635.0)	(19.0, 1425.0)	(20.0, 2561.0)	(21.0, 3480.0)	(22.0, 4254.0)	(23.0, 5706.0)	(24.0, 7949.0)	(25.0, 10536.0)	(26.0, 12385.0)	(27.0, 14540.0)	(28.0, 16023.0)	(29.0, 17210.0)	(30.0, 18069.0)	(31.0, 19562.0)	(32.0, 22043.0)	(33.0, 25086.0)	(34.0, 30450.0)	(35.0, 37595.0)	(36.0, 51771.0)	(37.0, 77333.0)	(38.0, 66822.0)	(39.0, 4458.0)	
ERR4223604_1	(15.0, 2.0)	(16.0, 4.0)	(17.0, 28.0)	(18.0, 113.0)	(19.0, 331.0)	(20.0, 662.0)	(21.0, 1187.0)	(22.0, 1807.0)	(23.0, 2777.0)	(24.0, 4349.0)	(25.0, 6390.0)	(26.0, 7745.0)	(27.0, 9390.0)	(28.0, 11181.0)	(29.0, 11445.0)	(30.0, 12221.0)	(31.0, 13002.0)	(32.0, 14353.0)	(33.0, 16586.0)	(34.0, 20134.0)	(35.0, 25189.0)	(36.0, 35487.0)	(37.0, 58570.0)	(38.0, 108258.0)	(39.0, 33992.0)													
ERR4223604_2	(2.0, 43.0)	(3.0, 17.0)	(4.0, 17.0)	(5.0, 18.0)	(6.0, 13.0)	(7.0, 17.0)	(8.0, 10.0)	(9.0, 19.0)	(10.0, 18.0)	(11.0, 8.0)	(12.0, 4.0)	(13.0, 17.0)	(14.0, 13.0)	(15.0, 28.0)	(16.0, 157.0)	(17.0, 349.0)	(18.0, 664.0)	(19.0, 1519.0)	(20.0, 2262.0)	(21.0, 3041.0)	(22.0, 3840.0)	(23.0, 5101.0)	(24.0, 7369.0)	(25.0, 9817.0)	(26.0, 11782.0)	(27.0, 13187.0)	(28.0, 14381.0)	(29.0, 14773.0)	(30.0, 15549.0)	(31.0, 17255.0)	(32.0, 19625.0)	(33.0, 22690.0)	(34.0, 27291.0)	(35.0, 35284.0)	(36.0, 49352.0)	(37.0, 67806.0)	(38.0, 48648.0)	(39.0, 3219.0)
ERR4223605_1	(16.0, 15.0)	(17.0, 49.0)	(18.0, 138.0)	(19.0, 409.0)	(20.0, 900.0)	(21.0, 1474.0)	(22.0, 2224.0)	(23.0, 3183.0)	(24.0, 4803.0)	(25.0, 6736.0)	(26.0, 8020.0)	(27.0, 9629.0)	(28.0, 11059.0)	(29.0, 11524.0)	(30.0, 12379.0)	(31.0, 13165.0)	(32.0, 14645.0)	(33.0, 16233.0)	(34.0, 19291.0)	(35.0, 24365.0)	(36.0, 33124.0)	(37.0, 52080.0)	(38.0, 97434.0)	(39.0, 41912.0)														
ERR4223605_2	(4.0, 1.0)	(5.0, 5.0)	(6.0, 5.0)	(7.0, 3.0)	(8.0, 2.0)	(9.0, 3.0)	(10.0, 8.0)	(11.0, 4.0)	(12.0, 10.0)	(13.0, 10.0)	(14.0, 7.0)	(15.0, 37.0)	(16.0, 201.0)	(17.0, 335.0)	(18.0, 749.0)	(19.0, 1630.0)	(20.0, 2585.0)	(21.0, 3400.0)	(22.0, 4138.0)	(23.0, 5569.0)	(24.0, 7908.0)	(25.0, 10242.0)	(26.0, 11912.0)	(27.0, 13768.0)	(28.0, 14836.0)	(29.0, 15193.0)	(30.0, 15930.0)	(31.0, 17227.0)	(32.0, 19128.0)	(33.0, 22175.0)	(34.0, 26204.0)	(35.0, 32536.0)	(36.0, 45682.0)	(37.0, 64437.0)	(38.0, 46690.0)	(39.0, 2221.0)		
ERR4223606_1	(14.0, 1.0)	(15.0, 1.0)	(16.0, 3.0)	(17.0, 22.0)	(18.0, 88.0)	(19.0, 236.0)	(20.0, 611.0)	(21.0, 1090.0)	(22.0, 1690.0)	(23.0, 2564.0)	(24.0, 4315.0)	(25.0, 6527.0)	(26.0, 7884.0)	(27.0, 9711.0)	(28.0, 11339.0)	(29.0, 12086.0)	(30.0, 12710.0)	(31.0, 13844.0)	(32.0, 15354.0)	(33.0, 17587.0)	(34.0, 20859.0)	(35.0, 26833.0)	(36.0, 36950.0)	(37.0, 61367.0)	(38.0, 113033.0)	(39.0, 34400.0)												
ERR4223606_2	(2.0, 58.0)	(3.0, 20.0)	(4.0, 19.0)	(5.0, 27.0)	(6.0, 17.0)	(7.0, 19.0)	(8.0, 13.0)	(9.0, 13.0)	(10.0, 16.0)	(11.0, 9.0)	(12.0, 16.0)	(13.0, 15.0)	(14.0, 12.0)	(15.0, 25.0)	(16.0, 111.0)	(17.0, 211.0)	(18.0, 560.0)	(19.0, 1222.0)	(20.0, 1964.0)	(21.0, 2737.0)	(22.0, 3405.0)	(23.0, 4874.0)	(24.0, 6992.0)	(25.0, 9437.0)	(26.0, 11093.0)	(27.0, 13063.0)	(28.0, 14457.0)	(29.0, 15278.0)	(30.0, 16414.0)	(31.0, 17990.0)	(32.0, 20041.0)	(33.0, 23338.0)	(34.0, 28521.0)	(35.0, 36290.0)	(36.0, 51480.0)	(37.0, 72470.0)	(38.0, 54878.0)	(39.0, 4000.0)
ERR4223607_1	(13.0, 1.0)	(14.0, 1.0)	(15.0, 2.0)	(16.0, 11.0)	(17.0, 36.0)	(18.0, 121.0)	(19.0, 394.0)	(20.0, 851.0)	(21.0, 1418.0)	(22.0, 2060.0)	(23.0, 3021.0)	(24.0, 4793.0)	(25.0, 6736.0)	(26.0, 8127.0)	(27.0, 9902.0)	(28.0, 11546.0)	(29.0, 12364.0)	(30.0, 13023.0)	(31.0, 14051.0)	(32.0, 15395.0)	(33.0, 17031.0)	(34.0, 20332.0)	(35.0, 25643.0)	(36.0, 34739.0)	(37.0, 55083.0)	(38.0, 103083.0)	(39.0, 43520.0)											
ERR4223607_2	(3.0, 2.0)	(4.0, 4.0)	(5.0, 4.0)	(6.0, 3.0)	(7.0, 3.0)	(8.0, 4.0)	(9.0, 6.0)	(10.0, 5.0)	(11.0, 6.0)	(12.0, 7.0)	(13.0, 8.0)	(14.0, 13.0)	(15.0, 28.0)	(16.0, 92.0)	(17.0, 247.0)	(18.0, 579.0)	(19.0, 1401.0)	(20.0, 2342.0)	(21.0, 3199.0)	(22.0, 3979.0)	(23.0, 5272.0)	(24.0, 7654.0)	(25.0, 9806.0)	(26.0, 11753.0)	(27.0, 13440.0)	(28.0, 14690.0)	(29.0, 15605.0)	(30.0, 16768.0)	(31.0, 18007.0)	(32.0, 20006.0)	(33.0, 23059.0)	(34.0, 27290.0)	(35.0, 34332.0)	(36.0, 48009.0)	(37.0, 69410.0)	(38.0, 53380.0)	(39.0, 2871.0)	
ERR4223608_1	(14.0, 1.0)	(15.0, 2.0)	(16.0, 6.0)	(17.0, 36.0)	(18.0, 140.0)	(19.0, 456.0)	(20.0, 1002.0)	(21.0, 1696.0)	(22.0, 2696.0)	(23.0, 3963.0)	(24.0, 6142.0)	(25.0, 8887.0)	(26.0, 10927.0)	(27.0, 13295.0)	(28.0, 14951.0)	(29.0, 15956.0)	(30.0, 16957.0)	(31.0, 18416.0)	(32.0, 20636.0)	(33.0, 23338.0)	(34.0, 28130.0)	(35.0, 36260.0)	(36.0, 50626.0)	(37.0, 84667.0)	(38.0, 159068.0)	(39.0, 49958.0)												
ERR4223608_2	(2.0, 54.0)	(3.0, 23.0)	(4.0, 33.0)	(5.0, 21.0)	(6.0, 19.0)	(7.0, 29.0)	(8.0, 16.0)	(9.0, 26.0)	(10.0, 18.0)	(11.0, 20.0)	(12.0, 20.0)	(13.0, 24.0)	(14.0, 20.0)	(15.0, 65.0)	(16.0, 394.0)	(17.0, 645.0)	(18.0, 1054.0)	(19.0, 2053.0)	(20.0, 3137.0)	(21.0, 4218.0)	(22.0, 4963.0)	(23.0, 6884.0)	(24.0, 9772.0)	(25.0, 12983.0)	(26.0, 15784.0)	(27.0, 18363.0)	(28.0, 19247.0)	(29.0, 20307.0)	(30.0, 21662.0)	(31.0, 23924.0)	(32.0, 27006.0)	(33.0, 31276.0)	(34.0, 38317.0)	(35.0, 49568.0)	(36.0, 70903.0)	(37.0, 101558.0)	(38.0, 78205.0)	(39.0, 5601.0)
ERR4223609_1	(16.0, 11.0)	(17.0, 59.0)	(18.0, 230.0)	(19.0, 619.0)	(20.0, 1370.0)	(21.0, 2253.0)	(22.0, 3204.0)	(23.0, 4591.0)	(24.0, 6757.0)	(25.0, 9535.0)	(26.0, 11410.0)	(27.0, 13715.0)	(28.0, 15379.0)	(29.0, 15851.0)	(30.0, 16754.0)	(31.0, 18644.0)	(32.0, 20555.0)	(33.0, 23169.0)	(34.0, 27366.0)	(35.0, 34804.0)	(36.0, 47780.0)	(37.0, 75410.0)	(38.0, 144494.0)	(39.0, 61798.0)														
ERR4223609_2	(3.0, 4.0)	(4.0, 4.0)	(5.0, 5.0)	(6.0, 5.0)	(7.0, 9.0)	(8.0, 6.0)	(9.0, 7.0)	(10.0, 11.0)	(11.0, 10.0)	(12.0, 6.0)	(13.0, 8.0)	(14.0, 14.0)	(15.0, 73.0)	(16.0, 438.0)	(17.0, 667.0)	(18.0, 1140.0)	(19.0, 2354.0)	(20.0, 3687.0)	(21.0, 4858.0)	(22.0, 5780.0)	(23.0, 7484.0)	(24.0, 10353.0)	(25.0, 13348.0)	(26.0, 16399.0)	(27.0, 18662.0)	(28.0, 20358.0)	(29.0, 20749.0)	(30.0, 21903.0)	(31.0, 23780.0)	(32.0, 26568.0)	(33.0, 30998.0)	(34.0, 37088.0)	(35.0, 46472.0)	(36.0, 66220.0)	(37.0, 96401.0)	(38.0, 75859.0)	(39.0, 4030.0)	
ERR4223610_1	(15.0, 1.0)	(16.0, 5.0)	(17.0, 20.0)	(18.0, 120.0)	(19.0, 284.0)	(20.0, 645.0)	(21.0, 1143.0)	(22.0, 1808.0)	(23.0, 2894.0)	(24.0, 4727.0)	(25.0, 6853.0)	(26.0, 8171.0)	(27.0, 10203.0)	(28.0, 11524.0)	(29.0, 12818.0)	(30.0, 13458.0)	(31.0, 14724.0)	(32.0, 16376.0)	(33.0, 18799.0)	(34.0, 22512.0)	(35.0, 28728.0)	(36.0, 40284.0)	(37.0, 66747.0)	(38.0, 119547.0)	(39.0, 33619.0)													
ERR4223610_2	(2.0, 60.0)	(3.0, 19.0)	(4.0, 24.0)	(5.0, 20.0)	(6.0, 26.0)	(7.0, 16.0)	(8.0, 12.0)	(9.0, 16.0)	(10.0, 12.0)	(11.0, 10.0)	(12.0, 12.0)	(13.0, 14.0)	(14.0, 21.0)	(15.0, 32.0)	(16.0, 161.0)	(17.0, 334.0)	(18.0, 698.0)	(19.0, 1378.0)	(20.0, 2353.0)	(21.0, 3235.0)	(22.0, 3876.0)	(23.0, 5401.0)	(24.0, 7976.0)	(25.0, 10505.0)	(26.0, 12563.0)	(27.0, 14580.0)	(28.0, 16086.0)	(29.0, 16849.0)	(30.0, 17800.0)	(31.0, 19494.0)	(32.0, 21712.0)	(33.0, 25479.0)	(34.0, 30959.0)	(35.0, 39746.0)	(36.0, 56126.0)	(37.0, 75333.0)	(38.0, 50218.0)	(39.0, 2854.0)
ERR4223611_1	(15.0, 2.0)	(16.0, 12.0)	(17.0, 44.0)	(18.0, 141.0)	(19.0, 359.0)	(20.0, 877.0)	(21.0, 1493.0)	(22.0, 2325.0)	(23.0, 3294.0)	(24.0, 5034.0)	(25.0, 7171.0)	(26.0, 8781.0)	(27.0, 10608.0)	(28.0, 11991.0)	(29.0, 12734.0)	(30.0, 13644.0)	(31.0, 14917.0)	(32.0, 16188.0)	(33.0, 18384.0)	(34.0, 21643.0)	(35.0, 27635.0)	(36.0, 37321.0)	(37.0, 59530.0)	(38.0, 109769.0)	(39.0, 42160.0)													
ERR4223611_2	(3.0, 4.0)	(4.0, 3.0)	(5.0, 3.0)	(6.0, 4.0)	(7.0, 7.0)	(8.0, 5.0)	(9.0, 6.0)	(10.0, 5.0)	(11.0, 4.0)	(12.0, 6.0)	(13.0, 11.0)	(14.0, 4.0)	(15.0, 22.0)	(16.0, 189.0)	(17.0, 347.0)	(18.0, 722.0)	(19.0, 1645.0)	(20.0, 2682.0)	(21.0, 3735.0)	(22.0, 4417.0)	(23.0, 5912.0)	(24.0, 8412.0)	(25.0, 10993.0)	(26.0, 12794.0)	(27.0, 15140.0)	(28.0, 16363.0)	(29.0, 17134.0)	(30.0, 18002.0)	(31.0, 19289.0)	(32.0, 21451.0)	(33.0, 24797.0)	(34.0, 30054.0)	(35.0, 37290.0)	(36.0, 52857.0)	(37.0, 71941.0)	(38.0, 47783.0)	(39.0, 2024.0)	
ERR4223612_1	(15.0, 1.0)	(16.0, 3.0)	(17.0, 19.0)	(18.0, 68.0)	(19.0, 190.0)	(20.0, 424.0)	(21.0, 892.0)	(22.0, 1451.0)	(23.0, 2271.0)	(24.0, 3483.0)	(25.0, 5012.0)	(26.0, 6327.0)	(27.0, 7893.0)	(28.0, 9232.0)	(29.0, 10119.0)	(30.0, 11089.0)	(31.0, 12058.0)	(32.0, 13758.0)	(33.0, 15703.0)	(34.0, 19249.0)	(35.0, 23842.0)	(36.0, 33636.0)	(37.0, 55040.0)	(38.0, 102489.0)	(39.0, 30901.0)													
ERR4223612_2	(2.0, 41.0)	(3.0, 20.0)	(4.0, 18.0)	(5.0, 18.0)	(6.0, 14.0)	(7.0, 16.0)	(8.0, 8.0)	(9.0, 15.0)	(10.0, 9.0)	(11.0, 10.0)	(12.0, 19.0)	(13.0, 21.0)	(14.0, 9.0)	(15.0, 33.0)	(16.0, 219.0)	(17.0, 324.0)	(18.0, 542.0)	(19.0, 1172.0)	(20.0, 1723.0)	(21.0, 2552.0)	(22.0, 3069.0)	(23.0, 4207.0)	(24.0, 5996.0)	(25.0, 7992.0)	(26.0, 9620.0)	(27.0, 11037.0)	(28.0, 12492.0)	(29.0, 13207.0)	(30.0, 14371.0)	(31.0, 16153.0)	(32.0, 18122.0)	(33.0, 21279.0)	(34.0, 25809.0)	(35.0, 32907.0)	(36.0, 46569.0)	(37.0, 64329.0)	(38.0, 47713.0)	(39.0, 3495.0)
ERR4223613_1	(14.0, 1.0)	(15.0, 3.0)	(16.0, 9.0)	(17.0, 32.0)	(18.0, 99.0)	(19.0, 328.0)	(20.0, 716.0)	(21.0, 1218.0)	(22.0, 1853.0)	(23.0, 2641.0)	(24.0, 3919.0)	(25.0, 5426.0)	(26.0, 6800.0)	(27.0, 8112.0)	(28.0, 9511.0)	(29.0, 10274.0)	(30.0, 11240.0)	(31.0, 12340.0)	(32.0, 13603.0)	(33.0, 15610.0)	(34.0, 18472.0)	(35.0, 22968.0)	(36.0, 31767.0)	(37.0, 49572.0)	(38.0, 92846.0)	(39.0, 39045.0)												
ERR4223613_2	(4.0, 5.0)	(5.0, 2.0)	(6.0, 1.0)	(7.0, 3.0)	(8.0, 2.0)	(9.0, 4.0)	(10.0, 4.0)	(11.0, 7.0)	(12.0, 6.0)	(13.0, 7.0)	(14.0, 4.0)	(15.0, 46.0)	(16.0, 240.0)	(17.0, 321.0)	(18.0, 633.0)	(19.0, 1346.0)	(20.0, 2131.0)	(21.0, 2844.0)	(22.0, 3477.0)	(23.0, 4648.0)	(24.0, 6551.0)	(25.0, 8376.0)	(26.0, 9935.0)	(27.0, 11575.0)	(28.0, 12822.0)	(29.0, 13637.0)	(30.0, 14422.0)	(31.0, 16319.0)	(32.0, 17953.0)	(33.0, 21010.0)	(34.0, 24952.0)	(35.0, 31274.0)	(36.0, 43409.0)	(37.0, 61663.0)	(38.0, 46341.0)	(39.0, 2435.0)		
ERR4223614_1	(16.0, 5.0)	(17.0, 22.0)	(18.0, 86.0)	(19.0, 232.0)	(20.0, 598.0)	(21.0, 1146.0)	(22.0, 1811.0)	(23.0, 2739.0)	(24.0, 4387.0)	(25.0, 6776.0)	(26.0, 8524.0)	(27.0, 10489.0)	(28.0, 12374.0)	(29.0, 13545.0)	(30.0, 14575.0)	(31.0, 16133.0)	(32.0, 17686.0)	(33.0, 19983.0)	(34.0, 23805.0)	(35.0, 29965.0)	(36.0, 41534.0)	(37.0, 69762.0)	(38.0, 131377.0)	(39.0, 40390.0)														
ERR4223614_2	(2.0, 53.0)	(3.0, 21.0)	(4.0, 16.0)	(5.0, 17.0)	(6.0, 13.0)	(7.0, 17.0)	(8.0, 13.0)	(9.0, 18.0)	(10.0, 19.0)	(11.0, 19.0)	(12.0, 16.0)	(13.0, 15.0)	(14.0, 15.0)	(15.0, 20.0)	(16.0, 116.0)	(17.0, 294.0)	(18.0, 589.0)	(19.0, 1224.0)	(20.0, 2114.0)	(21.0, 3034.0)	(22.0, 3706.0)	(23.0, 5163.0)	(24.0, 7532.0)	(25.0, 10134.0)	(26.0, 12558.0)	(27.0, 14977.0)	(28.0, 16754.0)	(29.0, 17654.0)	(30.0, 18963.0)	(31.0, 20828.0)	(32.0, 22907.0)	(33.0, 26899.0)	(34.0, 32025.0)	(35.0, 41218.0)	(36.0, 58030.0)	(37.0, 82835.0)	(38.0, 63652.0)	(39.0, 4466.0)
ERR4223615_1	(16.0, 13.0)	(17.0, 49.0)	(18.0, 131.0)	(19.0, 369.0)	(20.0, 784.0)	(21.0, 1392.0)	(22.0, 2064.0)	(23.0, 3223.0)	(24.0, 4927.0)	(25.0, 7224.0)	(26.0, 8832.0)	(27.0, 10669.0)	(28.0, 12444.0)	(29.0, 13505.0)	(30.0, 14643.0)	(31.0, 16028.0)	(32.0, 17591.0)	(33.0, 19629.0)	(34.0, 23121.0)	(35.0, 28539.0)	(36.0, 39096.0)	(37.0, 61834.0)	(38.0, 118107.0)	(39.0, 50003.0)														
ERR4223615_2	(3.0, 2.0)	(4.0, 3.0)	(5.0, 3.0)	(6.0, 4.0)	(7.0, 6.0)	(8.0, 1.0)	(9.0, 5.0)	(10.0, 7.0)	(11.0, 3.0)	(12.0, 9.0)	(13.0, 11.0)	(14.0, 10.0)	(15.0, 20.0)	(16.0, 126.0)	(17.0, 301.0)	(18.0, 664.0)	(19.0, 1398.0)	(20.0, 2374.0)	(21.0, 3414.0)	(22.0, 4208.0)	(23.0, 5614.0)	(24.0, 8039.0)	(25.0, 10644.0)	(26.0, 12743.0)	(27.0, 15224.0)	(28.0, 16812.0)	(29.0, 18018.0)	(30.0, 19101.0)	(31.0, 20959.0)	(32.0, 22964.0)	(33.0, 25676.0)	(34.0, 31018.0)	(35.0, 38981.0)	(36.0, 53706.0)	(37.0, 77787.0)	(38.0, 61089.0)	(39.0, 3273.0)	
ERR4223616_1	(14.0, 1.0)	(15.0, 1.0)	(16.0, 11.0)	(17.0, 28.0)	(18.0, 99.0)	(19.0, 320.0)	(20.0, 779.0)	(21.0, 1367.0)	(22.0, 2184.0)	(23.0, 3404.0)	(24.0, 5024.0)	(25.0, 7203.0)	(26.0, 8847.0)	(27.0, 10516.0)	(28.0, 12220.0)	(29.0, 13140.0)	(30.0, 14073.0)	(31.0, 15121.0)	(32.0, 16762.0)	(33.0, 19219.0)	(34.0, 22924.0)	(35.0, 29061.0)	(36.0, 40623.0)	(37.0, 66823.0)	(38.0, 125002.0)	(39.0, 40931.0)												
ERR4223616_2	(2.0, 61.0)	(3.0, 27.0)	(4.0, 25.0)	(5.0, 24.0)	(6.0, 22.0)	(7.0, 13.0)	(8.0, 15.0)	(9.0, 18.0)	(10.0, 9.0)	(11.0, 16.0)	(12.0, 11.0)	(13.0, 14.0)	(14.0, 19.0)	(15.0, 39.0)	(16.0, 159.0)	(17.0, 372.0)	(18.0, 758.0)	(19.0, 1517.0)	(20.0, 2576.0)	(21.0, 3505.0)	(22.0, 3969.0)	(23.0, 5358.0)	(24.0, 7849.0)	(25.0, 10609.0)	(26.0, 12515.0)	(27.0, 14654.0)	(28.0, 16202.0)	(29.0, 17148.0)	(30.0, 18287.0)	(31.0, 20104.0)	(32.0, 22356.0)	(33.0, 25980.0)	(34.0, 31558.0)	(35.0, 40741.0)	(36.0, 57074.0)	(37.0, 79098.0)	(38.0, 58627.0)	(39.0, 4354.0)
ERR4223617_1	(16.0, 9.0)	(17.0, 54.0)	(18.0, 177.0)	(19.0, 464.0)	(20.0, 971.0)	(21.0, 1726.0)	(22.0, 2666.0)	(23.0, 3812.0)	(24.0, 5347.0)	(25.0, 7514.0)	(26.0, 9129.0)	(27.0, 10924.0)	(28.0, 12251.0)	(29.0, 13319.0)	(30.0, 14051.0)	(31.0, 14998.0)	(32.0, 16822.0)	(33.0, 19061.0)	(34.0, 22408.0)	(35.0, 27687.0)	(36.0, 37671.0)	(37.0, 59214.0)	(38.0, 112803.0)	(39.0, 50258.0)														
ERR4223617_2	(3.0, 5.0)	(4.0, 7.0)	(5.0, 5.0)	(6.0, 3.0)	(7.0, 7.0)	(8.0, 6.0)	(9.0, 4.0)	(10.0, 6.0)	(11.0, 6.0)	(12.0, 10.0)	(13.0, 10.0)	(14.0, 11.0)	(15.0, 41.0)	(16.0, 183.0)	(17.0, 397.0)	(18.0, 827.0)	(19.0, 1757.0)	(20.0, 2937.0)	(21.0, 3875.0)	(22.0, 4623.0)	(23.0, 5942.0)	(24.0, 8660.0)	(25.0, 10741.0)	(26.0, 12811.0)	(27.0, 15124.0)	(28.0, 16426.0)	(29.0, 17575.0)	(30.0, 18111.0)	(31.0, 19701.0)	(32.0, 22086.0)	(33.0, 25516.0)	(34.0, 30299.0)	(35.0, 38134.0)	(36.0, 53274.0)	(37.0, 74795.0)	(38.0, 56241.0)	(39.0, 3180.0)	
ERR4223618_1	(14.0, 1.0)	(15.0, 0.0)	(16.0, 7.0)	(17.0, 20.0)	(18.0, 103.0)	(19.0, 334.0)	(20.0, 754.0)	(21.0, 1359.0)	(22.0, 2192.0)	(23.0, 3190.0)	(24.0, 4665.0)	(25.0, 6653.0)	(26.0, 8286.0)	(27.0, 9947.0)	(28.0, 11461.0)	(29.0, 12221.0)	(30.0, 12851.0)	(31.0, 14319.0)	(32.0, 15860.0)	(33.0, 18197.0)	(34.0, 21601.0)	(35.0, 27120.0)	(36.0, 38054.0)	(37.0, 63356.0)	(38.0, 114787.0)	(39.0, 33113.0)												
ERR4223618_2	(2.0, 52.0)	(3.0, 16.0)	(4.0, 19.0)	(5.0, 20.0)	(6.0, 17.0)	(7.0, 19.0)	(8.0, 16.0)	(9.0, 19.0)	(10.0, 14.0)	(11.0, 16.0)	(12.0, 15.0)	(13.0, 12.0)	(14.0, 17.0)	(15.0, 50.0)	(16.0, 224.0)	(17.0, 422.0)	(18.0, 762.0)	(19.0, 1610.0)	(20.0, 2703.0)	(21.0, 3678.0)	(22.0, 4076.0)	(23.0, 5443.0)	(24.0, 8105.0)	(25.0, 10514.0)	(26.0, 12612.0)	(27.0, 14007.0)	(28.0, 15418.0)	(29.0, 15902.0)	(30.0, 17265.0)	(31.0, 18631.0)	(32.0, 21260.0)	(33.0, 24545.0)	(34.0, 29837.0)	(35.0, 38313.0)	(36.0, 53358.0)	(37.0, 71204.0)	(38.0, 47448.0)	(39.0, 2812.0)
ERR4223619_1	(14.0, 1.0)	(15.0, 2.0)	(16.0, 11.0)	(17.0, 35.0)	(18.0, 130.0)	(19.0, 410.0)	(20.0, 896.0)	(21.0, 1649.0)	(22.0, 2663.0)	(23.0, 3710.0)	(24.0, 5068.0)	(25.0, 7202.0)	(26.0, 8665.0)	(27.0, 10368.0)	(28.0, 11680.0)	(29.0, 12271.0)	(30.0, 12914.0)	(31.0, 14082.0)	(32.0, 15480.0)	(33.0, 17714.0)	(34.0, 20721.0)	(35.0, 26195.0)	(36.0, 35408.0)	(37.0, 55803.0)	(38.0, 104355.0)	(39.0, 41956.0)												
ERR4223619_2	(5.0, 1.0)	(6.0, 3.0)	(7.0, 2.0)	(8.0, 5.0)	(9.0, 2.0)	(10.0, 1.0)	(11.0, 6.0)	(12.0, 10.0)	(13.0, 10.0)	(14.0, 9.0)	(15.0, 34.0)	(16.0, 210.0)	(17.0, 452.0)	(18.0, 834.0)	(19.0, 1800.0)	(20.0, 3005.0)	(21.0, 4046.0)	(22.0, 4596.0)	(23.0, 6097.0)	(24.0, 8586.0)	(25.0, 11056.0)	(26.0, 12789.0)	(27.0, 14572.0)	(28.0, 15819.0)	(29.0, 16172.0)	(30.0, 17156.0)	(31.0, 18533.0)	(32.0, 20944.0)	(33.0, 23857.0)	(34.0, 28329.0)	(35.0, 35885.0)	(36.0, 49530.0)	(37.0, 67945.0)	(38.0, 45128.0)	(39.0, 1965.0)			
ERR4223620_1	(14.0, 1.0)	(15.0, 2.0)	(16.0, 5.0)	(17.0, 37.0)	(18.0, 99.0)	(19.0, 357.0)	(20.0, 793.0)	(21.0, 1445.0)	(22.0, 2376.0)	(23.0, 3446.0)	(24.0, 5484.0)	(25.0, 7812.0)	(26.0, 9327.0)	(27.0, 11431.0)	(28.0, 13218.0)	(29.0, 13723.0)	(30.0, 14625.0)	(31.0, 16025.0)	(32.0, 17763.0)	(33.0, 20313.0)	(34.0, 24387.0)	(35.0, 31041.0)	(36.0, 43468.0)	(37.0, 72039.0)	(38.0, 128562.0)	(39.0, 38826.0)												
ERR4223620_2	(2.0, 60.0)	(3.0, 30.0)	(4.0, 27.0)	(5.0, 30.0)	(6.0, 23.0)	(7.0, 13.0)	(8.0, 11.0)	(9.0, 20.0)	(10.0, 12.0)	(11.0, 20.0)	(12.0, 13.0)	(13.0, 12.0)	(14.0, 19.0)	(15.0, 48.0)	(16.0, 303.0)	(17.0, 529.0)	(18.0, 891.0)	(19.0, 1733.0)	(20.0, 2863.0)	(21.0, 3882.0)	(22.0, 4540.0)	(23.0, 6190.0)	(24.0, 9226.0)	(25.0, 11957.0)	(26.0, 13946.0)	(27.0, 15985.0)	(28.0, 17084.0)	(29.0, 18046.0)	(30.0, 19115.0)	(31.0, 21074.0)	(32.0, 23526.0)	(33.0, 27628.0)	(34.0, 33339.0)	(35.0, 42849.0)	(36.0, 59754.0)	(37.0, 80501.0)	(38.0, 57447.0)	(39.0, 3859.0)
ERR4223621_1	(12.0, 1.0)	(13.0, 0.0)	(14.0, 2.0)	(15.0, 1.0)	(16.0, 11.0)	(17.0, 61.0)	(18.0, 181.0)	(19.0, 491.0)	(20.0, 1126.0)	(21.0, 1882.0)	(22.0, 2833.0)	(23.0, 4007.0)	(24.0, 5998.0)	(25.0, 8216.0)	(26.0, 9936.0)	(27.0, 11779.0)	(28.0, 13330.0)	(29.0, 13780.0)	(30.0, 14619.0)	(31.0, 15793.0)	(32.0, 17365.0)	(33.0, 19553.0)	(34.0, 23708.0)	(35.0, 29796.0)	(36.0, 40448.0)	(37.0, 64335.0)	(38.0, 117482.0)	(39.0, 48256.0)										
ERR4223621_2	(3.0, 1.0)	(4.0, 7.0)	(5.0, 6.0)	(6.0, 4.0)	(7.0, 4.0)	(8.0, 8.0)	(9.0, 4.0)	(10.0, 5.0)	(11.0, 10.0)	(12.0, 11.0)	(13.0, 13.0)	(14.0, 9.0)	(15.0, 49.0)	(16.0, 349.0)	(17.0, 572.0)	(18.0, 1019.0)	(19.0, 2038.0)	(20.0, 3360.0)	(21.0, 4312.0)	(22.0, 5120.0)	(23.0, 6828.0)	(24.0, 9773.0)	(25.0, 12375.0)	(26.0, 14483.0)	(27.0, 15973.0)	(28.0, 17736.0)	(29.0, 18310.0)	(30.0, 19057.0)	(31.0, 20770.0)	(32.0, 23011.0)	(33.0, 26718.0)	(34.0, 31849.0)	(35.0, 40129.0)	(36.0, 55611.0)	(37.0, 77288.0)	(38.0, 55374.0)	(39.0, 2804.0)	
ERR4223622_1	(14.0, 1.0)	(15.0, 0.0)	(16.0, 8.0)	(17.0, 25.0)	(18.0, 104.0)	(19.0, 280.0)	(20.0, 634.0)	(21.0, 1160.0)	(22.0, 1935.0)	(23.0, 2920.0)	(24.0, 4376.0)	(25.0, 6454.0)	(26.0, 8251.0)	(27.0, 9602.0)	(28.0, 11114.0)	(29.0, 11842.0)	(30.0, 12729.0)	(31.0, 14032.0)	(32.0, 15270.0)	(33.0, 17776.0)	(34.0, 21610.0)	(35.0, 26822.0)	(36.0, 37847.0)	(37.0, 62540.0)	(38.0, 113537.0)	(39.0, 34230.0)												
ERR4223622_2	(2.0, 45.0)	(3.0, 25.0)	(4.0, 17.0)	(5.0, 23.0)	(6.0, 20.0)	(7.0, 20.0)	(8.0, 18.0)	(9.0, 12.0)	(10.0, 17.0)	(11.0, 9.0)	(12.0, 17.0)	(13.0, 15.0)	(14.0, 13.0)	(15.0, 34.0)	(16.0, 297.0)	(17.0, 583.0)	(18.0, 778.0)	(19.0, 1388.0)	(20.0, 2261.0)	(21.0, 3149.0)	(22.0, 3592.0)	(23.0, 4988.0)	(24.0, 7375.0)	(25.0, 9744.0)	(26.0, 11588.0)	(27.0, 13390.0)	(28.0, 14999.0)	(29.0, 15532.0)	(30.0, 16538.0)	(31.0, 18509.0)	(32.0, 20599.0)	(33.0, 24254.0)	(34.0, 29147.0)	(35.0, 37519.0)	(36.0, 52797.0)	(37.0, 71195.0)	(38.0, 51299.0)	(39.0, 3293.0)
ERR4223623_1	(15.0, 1.0)	(16.0, 4.0)	(17.0, 24.0)	(18.0, 111.0)	(19.0, 366.0)	(20.0, 821.0)	(21.0, 1557.0)	(22.0, 2292.0)	(23.0, 3306.0)	(24.0, 4914.0)	(25.0, 6901.0)	(26.0, 8474.0)	(27.0, 9763.0)	(28.0, 11138.0)	(29.0, 11826.0)	(30.0, 12612.0)	(31.0, 13679.0)	(32.0, 15184.0)	(33.0, 17262.0)	(34.0, 20377.0)	(35.0, 25863.0)	(36.0, 35592.0)	(37.0, 55868.0)	(38.0, 103902.0)	(39.0, 42526.0)													
ERR4223623_2	(3.0, 2.0)	(4.0, 2.0)	(5.0, 5.0)	(6.0, 2.0)	(7.0, 4.0)	(8.0, 6.0)	(9.0, 4.0)	(10.0, 7.0)	(11.0, 6.0)	(12.0, 12.0)	(13.0, 5.0)	(14.0, 11.0)	(15.0, 45.0)	(16.0, 329.0)	(17.0, 607.0)	(18.0, 893.0)	(19.0, 1572.0)	(20.0, 2548.0)	(21.0, 3497.0)	(22.0, 4033.0)	(23.0, 5443.0)	(24.0, 7713.0)	(25.0, 10041.0)	(26.0, 11742.0)	(27.0, 13682.0)	(28.0, 14813.0)	(29.0, 15805.0)	(30.0, 16692.0)	(31.0, 18218.0)	(32.0, 20507.0)	(33.0, 23546.0)	(34.0, 28224.0)	(35.0, 35527.0)	(36.0, 49590.0)	(37.0, 68265.0)	(38.0, 48613.0)	(39.0, 2352.0)	
ERR4223624_1	(15.0, 2.0)	(16.0, 4.0)	(17.0, 24.0)	(18.0, 92.0)	(19.0, 265.0)	(20.0, 600.0)	(21.0, 1072.0)	(22.0, 1715.0)	(23.0, 2711.0)	(24.0, 4229.0)	(25.0, 6095.0)	(26.0, 7565.0)	(27.0, 9313.0)	(28.0, 10929.0)	(29.0, 11847.0)	(30.0, 12250.0)	(31.0, 13467.0)	(32.0, 15226.0)	(33.0, 17664.0)	(34.0, 21280.0)	(35.0, 27152.0)	(36.0, 38381.0)	(37.0, 62747.0)	(38.0, 111466.0)	(39.0, 32472.0)													
ERR4223624_2	(2.0, 50.0)	(3.0, 25.0)	(4.0, 17.0)	(5.0, 16.0)	(6.0, 13.0)	(7.0, 12.0)	(8.0, 7.0)	(9.0, 12.0)	(10.0, 14.0)	(11.0, 18.0)	(12.0, 17.0)	(13.0, 13.0)	(14.0, 15.0)	(15.0, 28.0)	(16.0, 206.0)	(17.0, 310.0)	(18.0, 570.0)	(19.0, 1264.0)	(20.0, 2053.0)	(21.0, 2881.0)	(22.0, 3410.0)	(23.0, 4629.0)	(24.0, 6804.0)	(25.0, 9136.0)	(26.0, 10787.0)	(27.0, 12767.0)	(28.0, 14285.0)	(29.0, 15117.0)	(30.0, 16230.0)	(31.0, 17867.0)	(32.0, 20698.0)	(33.0, 24593.0)	(34.0, 29676.0)	(35.0, 37533.0)	(36.0, 51020.0)	(37.0, 69967.0)	(38.0, 52956.0)	(39.0, 3552.0)
ERR4223625_1	(16.0, 10.0)	(17.0, 30.0)	(18.0, 129.0)	(19.0, 342.0)	(20.0, 817.0)	(21.0, 1436.0)	(22.0, 2089.0)	(23.0, 3073.0)	(24.0, 4644.0)	(25.0, 6417.0)	(26.0, 7928.0)	(27.0, 9827.0)	(28.0, 11043.0)	(29.0, 11915.0)	(30.0, 12583.0)	(31.0, 13815.0)	(32.0, 15008.0)	(33.0, 17260.0)	(34.0, 20491.0)	(35.0, 26186.0)	(36.0, 35694.0)	(37.0, 55622.0)	(38.0, 101624.0)	(39.0, 40801.0)														
ERR4223625_2	(3.0, 4.0)	(4.0, 3.0)	(5.0, 7.0)	(6.0, 2.0)	(7.0, 3.0)	(8.0, 5.0)	(9.0, 3.0)	(10.0, 5.0)	(11.0, 8.0)	(12.0, 4.0)	(13.0, 7.0)	(14.0, 12.0)	(15.0, 37.0)	(16.0, 201.0)	(17.0, 314.0)	(18.0, 582.0)	(19.0, 1430.0)	(20.0, 2392.0)	(21.0, 3251.0)	(22.0, 3961.0)	(23.0, 5166.0)	(24.0, 7348.0)	(25.0, 9443.0)	(26.0, 11281.0)	(27.0, 13173.0)	(28.0, 14614.0)	(29.0, 15338.0)	(30.0, 16248.0)	(31.0, 18063.0)	(32.0, 20195.0)	(33.0, 23530.0)	(34.0, 28769.0)	(35.0, 35721.0)	(36.0, 47607.0)	(37.0, 66696.0)	(38.0, 50779.0)	(39.0, 2582.0)	
ERR4223626_1	(13.0, 1.0)	(14.0, 0.0)	(15.0, 1.0)	(16.0, 3.0)	(17.0, 32.0)	(18.0, 89.0)	(19.0, 241.0)	(20.0, 598.0)	(21.0, 1199.0)	(22.0, 1922.0)	(23.0, 3052.0)	(24.0, 4976.0)	(25.0, 7003.0)	(26.0, 8783.0)	(27.0, 10825.0)	(28.0, 12519.0)	(29.0, 13568.0)	(30.0, 14683.0)	(31.0, 16160.0)	(32.0, 17900.0)	(33.0, 20460.0)	(34.0, 24655.0)	(35.0, 30884.0)	(36.0, 42995.0)	(37.0, 71559.0)	(38.0, 132069.0)	(39.0, 40677.0)											
ERR4223626_2	(2.0, 67.0)	(3.0, 18.0)	(4.0, 28.0)	(5.0, 23.0)	(6.0, 26.0)	(7.0, 23.0)	(8.0, 23.0)	(9.0, 13.0)	(10.0, 16.0)	(11.0, 12.0)	(12.0, 17.0)	(13.0, 20.0)	(14.0, 19.0)	(15.0, 25.0)	(16.0, 117.0)	(17.0, 263.0)	(18.0, 559.0)	(19.0, 1226.0)	(20.0, 2118.0)	(21.0, 2952.0)	(22.0, 3639.0)	(23.0, 5013.0)	(24.0, 7519.0)	(25.0, 10168.0)	(26.0, 12417.0)	(27.0, 14650.0)	(28.0, 16466.0)	(29.0, 17779.0)	(30.0, 18980.0)	(31.0, 21132.0)	(32.0, 23530.0)	(33.0, 27352.0)	(34.0, 33060.0)	(35.0, 42082.0)	(36.0, 59170.0)	(37.0, 85110.0)	(38.0, 66349.0)	(39.0, 4873.0)
ERR4223627_1	(14.0, 1.0)	(15.0, 2.0)	(16.0, 13.0)	(17.0, 35.0)	(18.0, 126.0)	(19.0, 368.0)	(20.0, 828.0)	(21.0, 1526.0)	(22.0, 2323.0)	(23.0, 3616.0)	(24.0, 5286.0)	(25.0, 7715.0)	(26.0, 9295.0)	(27.0, 11112.0)	(28.0, 12876.0)	(29.0, 13971.0)	(30.0, 14754.0)	(31.0, 15932.0)	(32.0, 17843.0)	(33.0, 19943.0)	(34.0, 23677.0)	(35.0, 29530.0)	(36.0, 40862.0)	(37.0, 63428.0)	(38.0, 119804.0)	(39.0, 50546.0)												
ERR4223627_2	(3.0, 3.0)	(4.0, 4.0)	(5.0, 2.0)	(6.0, 3.0)	(7.0, 4.0)	(8.0, 8.0)	(9.0, 5.0)	(10.0, 4.0)	(11.0, 7.0)	(12.0, 12.0)	(13.0, 4.0)	(14.0, 7.0)	(15.0, 19.0)	(16.0, 108.0)	(17.0, 271.0)	(18.0, 606.0)	(19.0, 1374.0)	(20.0, 2404.0)	(21.0, 3384.0)	(22.0, 4185.0)	(23.0, 5575.0)	(24.0, 8187.0)	(25.0, 10710.0)	(26.0, 12895.0)	(27.0, 15216.0)	(28.0, 17051.0)	(29.0, 18168.0)	(30.0, 19143.0)	(31.0, 20774.0)	(32.0, 23428.0)	(33.0, 26766.0)	(34.0, 31876.0)	(35.0, 39724.0)	(36.0, 55391.0)	(37.0, 80385.0)	(38.0, 64093.0)	(39.0, 3616.0)	
ERR9875453_1	(10.0, 2.0)	(11.0, 7.0)	(12.0, 11.0)	(13.0, 16.0)	(14.0, 23.0)	(15.0, 23.0)	(16.0, 21.0)	(17.0, 16.0)	(18.0, 39.0)	(19.0, 67.0)	(20.0, 158.0)	(21.0, 351.0)	(22.0, 847.0)	(23.0, 2000.0)	(24.0, 4122.0)	(25.0, 7337.0)	(26.0, 9740.0)	(27.0, 12173.0)	(28.0, 15691.0)	(29.0, 16371.0)	(30.0, 15116.0)	(31.0, 15427.0)	(32.0, 16442.0)	(33.0, 17535.0)	(34.0, 19779.0)	(35.0, 23472.0)	(36.0, 29774.0)	(37.0, 43689.0)	(38.0, 85490.0)	(39.0, 913905.0)								
ERR9875453_2	(2.0, 1422.0)	(3.0, 822.0)	(4.0, 77.0)	(5.0, 61.0)	(6.0, 54.0)	(7.0, 64.0)	(8.0, 67.0)	(9.0, 52.0)	(10.0, 55.0)	(11.0, 41.0)	(12.0, 51.0)	(13.0, 36.0)	(14.0, 45.0)	(15.0, 35.0)	(16.0, 60.0)	(17.0, 409.0)	(18.0, 1668.0)	(19.0, 3072.0)	(20.0, 2987.0)	(21.0, 2694.0)	(22.0, 3375.0)	(23.0, 4737.0)	(24.0, 6577.0)	(25.0, 9018.0)	(26.0, 11969.0)	(27.0, 13668.0)	(28.0, 15224.0)	(29.0, 14930.0)	(30.0, 15097.0)	(31.0, 15819.0)	(32.0, 16784.0)	(33.0, 18466.0)	(34.0, 20928.0)	(35.0, 26267.0)	(36.0, 33716.0)	(37.0, 49712.0)	(38.0, 103162.0)	(39.0, 856423.0)
ERR9875457_1	(9.0, 1.0)	(10.0, 4.0)	(11.0, 12.0)	(12.0, 14.0)	(13.0, 19.0)	(14.0, 20.0)	(15.0, 23.0)	(16.0, 20.0)	(17.0, 15.0)	(18.0, 25.0)	(19.0, 71.0)	(20.0, 179.0)	(21.0, 332.0)	(22.0, 753.0)	(23.0, 2055.0)	(24.0, 3751.0)	(25.0, 6030.0)	(26.0, 8016.0)	(27.0, 10615.0)	(28.0, 16808.0)	(29.0, 18167.0)	(30.0, 14083.0)	(31.0, 14036.0)	(32.0, 14996.0)	(33.0, 15689.0)	(34.0, 17426.0)	(35.0, 20734.0)	(36.0, 27195.0)	(37.0, 38887.0)	(38.0, 76643.0)	(39.0, 834589.0)							
ERR9875457_2	(2.0, 1312.0)	(3.0, 722.0)	(4.0, 62.0)	(5.0, 55.0)	(6.0, 61.0)	(7.0, 48.0)	(8.0, 67.0)	(9.0, 49.0)	(10.0, 50.0)	(11.0, 48.0)	(12.0, 50.0)	(13.0, 55.0)	(14.0, 38.0)	(15.0, 47.0)	(16.0, 79.0)	(17.0, 485.0)	(18.0, 1204.0)	(19.0, 1875.0)	(20.0, 2035.0)	(21.0, 2152.0)	(22.0, 2945.0)	(23.0, 4600.0)	(24.0, 6668.0)	(25.0, 8881.0)	(26.0, 13573.0)	(27.0, 15692.0)	(28.0, 13272.0)	(29.0, 13123.0)	(30.0, 13278.0)	(31.0, 14058.0)	(32.0, 15110.0)	(33.0, 16641.0)	(34.0, 19290.0)	(35.0, 23210.0)	(36.0, 30323.0)	(37.0, 44723.0)	(38.0, 92947.0)	(39.0, 782380.0)
ERR9875459_1	(10.0, 2.0)	(11.0, 9.0)	(12.0, 17.0)	(13.0, 12.0)	(14.0, 12.0)	(15.0, 19.0)	(16.0, 19.0)	(17.0, 20.0)	(18.0, 35.0)	(19.0, 69.0)	(20.0, 161.0)	(21.0, 326.0)	(22.0, 797.0)	(23.0, 2133.0)	(24.0, 4057.0)	(25.0, 6803.0)	(26.0, 9285.0)	(27.0, 12563.0)	(28.0, 17467.0)	(29.0, 17931.0)	(30.0, 15100.0)	(31.0, 15177.0)	(32.0, 15625.0)	(33.0, 17238.0)	(34.0, 19232.0)	(35.0, 22562.0)	(36.0, 29205.0)	(37.0, 41897.0)	(38.0, 80364.0)	(39.0, 898914.0)								
ERR9875459_2	(2.0, 1397.0)	(3.0, 804.0)	(4.0, 79.0)	(5.0, 70.0)	(6.0, 58.0)	(7.0, 63.0)	(8.0, 52.0)	(9.0, 44.0)	(10.0, 52.0)	(11.0, 60.0)	(12.0, 58.0)	(13.0, 45.0)	(14.0, 41.0)	(15.0, 49.0)	(16.0, 72.0)	(17.0, 340.0)	(18.0, 1090.0)	(19.0, 1970.0)	(20.0, 2025.0)	(21.0, 2236.0)	(22.0, 3102.0)	(23.0, 4788.0)	(24.0, 6586.0)	(25.0, 9325.0)	(26.0, 13609.0)	(27.0, 15727.0)	(28.0, 15081.0)	(29.0, 14531.0)	(30.0, 14516.0)	(31.0, 15111.0)	(32.0, 16156.0)	(33.0, 17769.0)	(34.0, 20573.0)	(35.0, 24714.0)	(36.0, 32098.0)	(37.0, 46795.0)	(38.0, 96463.0)	(39.0, 849502.0)
ERR9875461_1	(10.0, 6.0)	(11.0, 3.0)	(12.0, 11.0)	(13.0, 19.0)	(14.0, 16.0)	(15.0, 27.0)	(16.0, 18.0)	(17.0, 23.0)	(18.0, 28.0)	(19.0, 64.0)	(20.0, 170.0)	(21.0, 354.0)	(22.0, 892.0)	(23.0, 2353.0)	(24.0, 4616.0)	(25.0, 7442.0)	(26.0, 10415.0)	(27.0, 13760.0)	(28.0, 19004.0)	(29.0, 21505.0)	(30.0, 16862.0)	(31.0, 16034.0)	(32.0, 17030.0)	(33.0, 17977.0)	(34.0, 19868.0)	(35.0, 23374.0)	(36.0, 29993.0)	(37.0, 43848.0)	(38.0, 83480.0)	(39.0, 937197.0)								
ERR9875461_2	(2.0, 1421.0)	(3.0, 870.0)	(4.0, 73.0)	(5.0, 61.0)	(6.0, 66.0)	(7.0, 73.0)	(8.0, 59.0)	(9.0, 34.0)	(10.0, 43.0)	(11.0, 50.0)	(12.0, 51.0)	(13.0, 46.0)	(14.0, 37.0)	(15.0, 60.0)	(16.0, 133.0)	(17.0, 684.0)	(18.0, 1562.0)	(19.0, 2292.0)	(20.0, 2262.0)	(21.0, 2534.0)	(22.0, 3602.0)	(23.0, 5800.0)	(24.0, 8105.0)	(25.0, 11614.0)	(26.0, 17228.0)	(27.0, 17574.0)	(28.0, 16451.0)	(29.0, 16410.0)	(30.0, 15983.0)	(31.0, 16374.0)	(32.0, 17202.0)	(33.0, 18663.0)	(34.0, 20995.0)	(35.0, 25053.0)	(36.0, 33079.0)	(37.0, 47234.0)	(38.0, 95815.0)	(39.0, 886796.0)
ERR9875463_1	(8.0, 1.0)	(9.0, 1.0)	(10.0, 3.0)	(11.0, 14.0)	(12.0, 14.0)	(13.0, 14.0)	(14.0, 15.0)	(15.0, 17.0)	(16.0, 16.0)	(17.0, 16.0)	(18.0, 36.0)	(19.0, 63.0)	(20.0, 133.0)	(21.0, 306.0)	(22.0, 710.0)	(23.0, 1682.0)	(24.0, 3419.0)	(25.0, 5417.0)	(26.0, 7172.0)	(27.0, 9461.0)	(28.0, 13087.0)	(29.0, 15074.0)	(30.0, 11982.0)	(31.0, 11773.0)	(32.0, 12715.0)	(33.0, 14046.0)	(34.0, 15763.0)	(35.0, 19000.0)	(36.0, 24504.0)	(37.0, 35761.0)	(38.0, 72546.0)	(39.0, 743310.0)						
ERR9875463_2	(2.0, 1184.0)	(3.0, 670.0)	(4.0, 78.0)	(5.0, 46.0)	(6.0, 47.0)	(7.0, 46.0)	(8.0, 39.0)	(9.0, 41.0)	(10.0, 41.0)	(11.0, 36.0)	(12.0, 51.0)	(13.0, 35.0)	(14.0, 39.0)	(15.0, 28.0)	(16.0, 58.0)	(17.0, 372.0)	(18.0, 936.0)	(19.0, 1589.0)	(20.0, 1621.0)	(21.0, 1944.0)	(22.0, 2775.0)	(23.0, 4229.0)	(24.0, 5578.0)	(25.0, 7448.0)	(26.0, 11265.0)	(27.0, 11648.0)	(28.0, 10051.0)	(29.0, 10044.0)	(30.0, 10700.0)	(31.0, 11604.0)	(32.0, 12610.0)	(33.0, 14282.0)	(34.0, 16617.0)	(35.0, 20368.0)	(36.0, 26728.0)	(37.0, 39090.0)	(38.0, 83800.0)	(39.0, 710333.0)
ERR9875466_1	(10.0, 4.0)	(11.0, 10.0)	(12.0, 12.0)	(13.0, 18.0)	(14.0, 19.0)	(15.0, 21.0)	(16.0, 21.0)	(17.0, 19.0)	(18.0, 25.0)	(19.0, 78.0)	(20.0, 136.0)	(21.0, 356.0)	(22.0, 798.0)	(23.0, 1866.0)	(24.0, 3654.0)	(25.0, 6437.0)	(26.0, 8777.0)	(27.0, 12138.0)	(28.0, 17097.0)	(29.0, 19695.0)	(30.0, 15054.0)	(31.0, 14391.0)	(32.0, 15414.0)	(33.0, 16308.0)	(34.0, 18153.0)	(35.0, 21811.0)	(36.0, 27663.0)	(37.0, 40509.0)	(38.0, 78353.0)	(39.0, 865379.0)								
ERR9875466_2	(2.0, 1340.0)	(3.0, 787.0)	(4.0, 73.0)	(5.0, 69.0)	(6.0, 56.0)	(7.0, 46.0)	(8.0, 52.0)	(9.0, 54.0)	(10.0, 52.0)	(11.0, 38.0)	(12.0, 49.0)	(13.0, 41.0)	(14.0, 40.0)	(15.0, 30.0)	(16.0, 100.0)	(17.0, 504.0)	(18.0, 979.0)	(19.0, 1612.0)	(20.0, 1708.0)	(21.0, 1917.0)	(22.0, 2897.0)	(23.0, 4488.0)	(24.0, 6342.0)	(25.0, 9329.0)	(26.0, 14719.0)	(27.0, 15475.0)	(28.0, 13461.0)	(29.0, 13227.0)	(30.0, 13726.0)	(31.0, 14278.0)	(32.0, 15103.0)	(33.0, 16733.0)	(34.0, 19181.0)	(35.0, 22928.0)	(36.0, 29764.0)	(37.0, 43229.0)	(38.0, 88390.0)	(39.0, 831399.0)
ERR9875467_1	(9.0, 1.0)	(10.0, 4.0)	(11.0, 7.0)	(12.0, 11.0)	(13.0, 18.0)	(14.0, 19.0)	(15.0, 16.0)	(16.0, 22.0)	(17.0, 20.0)	(18.0, 37.0)	(19.0, 78.0)	(20.0, 180.0)	(21.0, 392.0)	(22.0, 953.0)	(23.0, 2462.0)	(24.0, 4551.0)	(25.0, 6840.0)	(26.0, 8980.0)	(27.0, 12162.0)	(28.0, 17535.0)	(29.0, 21577.0)	(30.0, 16194.0)	(31.0, 15850.0)	(32.0, 16566.0)	(33.0, 17605.0)	(34.0, 20072.0)	(35.0, 23709.0)	(36.0, 30695.0)	(37.0, 44673.0)	(38.0, 87330.0)	(39.0, 954475.0)							
ERR9875467_2	(2.0, 1451.0)	(3.0, 804.0)	(4.0, 75.0)	(5.0, 60.0)	(6.0, 65.0)	(7.0, 64.0)	(8.0, 59.0)	(9.0, 54.0)	(10.0, 61.0)	(11.0, 57.0)	(12.0, 65.0)	(13.0, 55.0)	(14.0, 52.0)	(15.0, 42.0)	(16.0, 156.0)	(17.0, 1247.0)	(18.0, 3003.0)	(19.0, 3227.0)	(20.0, 2568.0)	(21.0, 2739.0)	(22.0, 4009.0)	(23.0, 6239.0)	(24.0, 8581.0)	(25.0, 10897.0)	(26.0, 16630.0)	(27.0, 17216.0)	(28.0, 14523.0)	(29.0, 14982.0)	(30.0, 15089.0)	(31.0, 15881.0)	(32.0, 16753.0)	(33.0, 18125.0)	(34.0, 20907.0)	(35.0, 25234.0)	(36.0, 32968.0)	(37.0, 48388.0)	(38.0, 98257.0)	(39.0, 902451.0)
ERR9875470_1	(8.0, 1.0)	(9.0, 0.0)	(10.0, 2.0)	(11.0, 6.0)	(12.0, 15.0)	(13.0, 20.0)	(14.0, 18.0)	(15.0, 18.0)	(16.0, 20.0)	(17.0, 19.0)	(18.0, 26.0)	(19.0, 63.0)	(20.0, 206.0)	(21.0, 357.0)	(22.0, 909.0)	(23.0, 2347.0)	(24.0, 4531.0)	(25.0, 6932.0)	(26.0, 8699.0)	(27.0, 11616.0)	(28.0, 21533.0)	(29.0, 23068.0)	(30.0, 14301.0)	(31.0, 13493.0)	(32.0, 14095.0)	(33.0, 15198.0)	(34.0, 16920.0)	(35.0, 20326.0)	(36.0, 26734.0)	(37.0, 38474.0)	(38.0, 77684.0)	(39.0, 812055.0)						
ERR9875470_2	(2.0, 1270.0)	(3.0, 667.0)	(4.0, 55.0)	(5.0, 46.0)	(6.0, 41.0)	(7.0, 54.0)	(8.0, 56.0)	(9.0, 41.0)	(10.0, 42.0)	(11.0, 40.0)	(12.0, 53.0)	(13.0, 37.0)	(14.0, 49.0)	(15.0, 33.0)	(16.0, 87.0)	(17.0, 514.0)	(18.0, 1204.0)	(19.0, 1808.0)	(20.0, 2075.0)	(21.0, 2307.0)	(22.0, 3561.0)	(23.0, 5836.0)	(24.0, 7719.0)	(25.0, 10353.0)	(26.0, 18537.0)	(27.0, 19682.0)	(28.0, 12462.0)	(29.0, 12064.0)	(30.0, 12234.0)	(31.0, 12781.0)	(32.0, 13899.0)	(33.0, 15714.0)	(34.0, 18261.0)	(35.0, 22283.0)	(36.0, 29278.0)	(37.0, 43409.0)	(38.0, 92693.0)	(39.0, 768441.0)
ERR9875473_1	(9.0, 1.0)	(10.0, 1.0)	(11.0, 6.0)	(12.0, 13.0)	(13.0, 12.0)	(14.0, 19.0)	(15.0, 16.0)	(16.0, 17.0)	(17.0, 22.0)	(18.0, 34.0)	(19.0, 107.0)	(20.0, 218.0)	(21.0, 478.0)	(22.0, 1058.0)	(23.0, 2754.0)	(24.0, 5072.0)	(25.0, 7468.0)	(26.0, 9834.0)	(27.0, 13507.0)	(28.0, 26550.0)	(29.0, 28703.0)	(30.0, 16282.0)	(31.0, 14732.0)	(32.0, 15173.0)	(33.0, 16238.0)	(34.0, 17809.0)	(35.0, 20926.0)	(36.0, 27182.0)	(37.0, 39868.0)	(38.0, 78832.0)	(39.0, 837637.0)							
ERR9875473_2	(2.0, 1336.0)	(3.0, 752.0)	(4.0, 79.0)	(5.0, 67.0)	(6.0, 59.0)	(7.0, 68.0)	(8.0, 60.0)	(9.0, 41.0)	(10.0, 35.0)	(11.0, 39.0)	(12.0, 41.0)	(13.0, 51.0)	(14.0, 51.0)	(15.0, 38.0)	(16.0, 101.0)	(17.0, 765.0)	(18.0, 1857.0)	(19.0, 2567.0)	(20.0, 2798.0)	(21.0, 3051.0)	(22.0, 4323.0)	(23.0, 6671.0)	(24.0, 9345.0)	(25.0, 12805.0)	(26.0, 23663.0)	(27.0, 25110.0)	(28.0, 15151.0)	(29.0, 13690.0)	(30.0, 13644.0)	(31.0, 14322.0)	(32.0, 15257.0)	(33.0, 16879.0)	(34.0, 19286.0)	(35.0, 23699.0)	(36.0, 30812.0)	(37.0, 45888.0)	(38.0, 99050.0)	(39.0, 777118.0)
ERR9875474_1	(10.0, 4.0)	(11.0, 10.0)	(12.0, 13.0)	(13.0, 15.0)	(14.0, 15.0)	(15.0, 15.0)	(16.0, 15.0)	(17.0, 18.0)	(18.0, 48.0)	(19.0, 126.0)	(20.0, 287.0)	(21.0, 570.0)	(22.0, 1218.0)	(23.0, 2347.0)	(24.0, 4234.0)	(25.0, 6672.0)	(26.0, 9068.0)	(27.0, 13146.0)	(28.0, 28798.0)	(29.0, 31265.0)	(30.0, 14677.0)	(31.0, 12930.0)	(32.0, 12857.0)	(33.0, 13755.0)	(34.0, 15590.0)	(35.0, 18853.0)	(36.0, 24477.0)	(37.0, 35698.0)	(38.0, 72366.0)	(39.0, 726199.0)								
ERR9875474_2	(2.0, 1188.0)	(3.0, 643.0)	(4.0, 66.0)	(5.0, 45.0)	(6.0, 35.0)	(7.0, 52.0)	(8.0, 48.0)	(9.0, 39.0)	(10.0, 38.0)	(11.0, 40.0)	(12.0, 50.0)	(13.0, 38.0)	(14.0, 31.0)	(15.0, 31.0)	(16.0, 138.0)	(17.0, 1146.0)	(18.0, 2410.0)	(19.0, 2922.0)	(20.0, 2856.0)	(21.0, 3155.0)	(22.0, 4275.0)	(23.0, 5822.0)	(24.0, 7982.0)	(25.0, 11668.0)	(26.0, 26048.0)	(27.0, 26833.0)	(28.0, 12266.0)	(29.0, 10891.0)	(30.0, 10945.0)	(31.0, 11519.0)	(32.0, 12828.0)	(33.0, 14635.0)	(34.0, 17200.0)	(35.0, 21098.0)	(36.0, 27654.0)	(37.0, 41076.0)	(38.0, 90242.0)	(39.0, 677333.0)
ERR9875475_1	(9.0, 1.0)	(10.0, 2.0)	(11.0, 10.0)	(12.0, 17.0)	(13.0, 11.0)	(14.0, 24.0)	(15.0, 22.0)	(16.0, 10.0)	(17.0, 23.0)	(18.0, 42.0)	(19.0, 109.0)	(20.0, 236.0)	(21.0, 491.0)	(22.0, 1074.0)	(23.0, 2569.0)	(24.0, 4945.0)	(25.0, 7514.0)	(26.0, 9967.0)	(27.0, 13020.0)	(28.0, 21095.0)	(29.0, 23756.0)	(30.0, 15858.0)	(31.0, 15092.0)	(32.0, 15688.0)	(33.0, 17333.0)	(34.0, 19316.0)	(35.0, 23117.0)	(36.0, 29650.0)	(37.0, 43399.0)	(38.0, 86137.0)	(39.0, 898442.0)							
ERR9875475_2	(2.0, 1482.0)	(3.0, 839.0)	(4.0, 85.0)	(5.0, 70.0)	(6.0, 69.0)	(7.0, 64.0)	(8.0, 66.0)	(9.0, 62.0)	(10.0, 59.0)	(11.0, 62.0)	(12.0, 49.0)	(13.0, 38.0)	(14.0, 45.0)	(15.0, 37.0)	(16.0, 182.0)	(17.0, 949.0)	(18.0, 1990.0)	(19.0, 3122.0)	(20.0, 3375.0)	(21.0, 3718.0)	(22.0, 5266.0)	(23.0, 7591.0)	(24.0, 9839.0)	(25.0, 12993.0)	(26.0, 20974.0)	(27.0, 19110.0)	(28.0, 14633.0)	(29.0, 14290.0)	(30.0, 14805.0)	(31.0, 15722.0)	(32.0, 16723.0)	(33.0, 18842.0)	(34.0, 21817.0)	(35.0, 26238.0)	(36.0, 33866.0)	(37.0, 50101.0)	(38.0, 112458.0)	(39.0, 817339.0)
ERR9875477_1	(8.0, 1.0)	(9.0, 2.0)	(10.0, 0.0)	(11.0, 8.0)	(12.0, 11.0)	(13.0, 16.0)	(14.0, 16.0)	(15.0, 24.0)	(16.0, 15.0)	(17.0, 31.0)	(18.0, 28.0)	(19.0, 79.0)	(20.0, 178.0)	(21.0, 411.0)	(22.0, 902.0)	(23.0, 2128.0)	(24.0, 4318.0)	(25.0, 7025.0)	(26.0, 9910.0)	(27.0, 13593.0)	(28.0, 21256.0)	(29.0, 25276.0)	(30.0, 17158.0)	(31.0, 15920.0)	(32.0, 16643.0)	(33.0, 18039.0)	(34.0, 19800.0)	(35.0, 23123.0)	(36.0, 29984.0)	(37.0, 42825.0)	(38.0, 82417.0)	(39.0, 911399.0)						
ERR9875477_2	(2.0, 1378.0)	(3.0, 861.0)	(4.0, 80.0)	(5.0, 63.0)	(6.0, 49.0)	(7.0, 64.0)	(8.0, 62.0)	(9.0, 51.0)	(10.0, 45.0)	(11.0, 41.0)	(12.0, 67.0)	(13.0, 45.0)	(14.0, 45.0)	(15.0, 44.0)	(16.0, 197.0)	(17.0, 1228.0)	(18.0, 2451.0)	(19.0, 3172.0)	(20.0, 2955.0)	(21.0, 3032.0)	(22.0, 4408.0)	(23.0, 6313.0)	(24.0, 8860.0)	(25.0, 13067.0)	(26.0, 21044.0)	(27.0, 20438.0)	(28.0, 15954.0)	(29.0, 15643.0)	(30.0, 15597.0)	(31.0, 16115.0)	(32.0, 17211.0)	(33.0, 19056.0)	(34.0, 21416.0)	(35.0, 25723.0)	(36.0, 33136.0)	(37.0, 48799.0)	(38.0, 98612.0)	(39.0, 845214.0)
ERR9875478_1	(10.0, 3.0)	(11.0, 14.0)	(12.0, 16.0)	(13.0, 12.0)	(14.0, 23.0)	(15.0, 17.0)	(16.0, 18.0)	(17.0, 16.0)	(18.0, 37.0)	(19.0, 84.0)	(20.0, 207.0)	(21.0, 436.0)	(22.0, 996.0)	(23.0, 2485.0)	(24.0, 4621.0)	(25.0, 7033.0)	(26.0, 9046.0)	(27.0, 12512.0)	(28.0, 21956.0)	(29.0, 29229.0)	(30.0, 16023.0)	(31.0, 13806.0)	(32.0, 14459.0)	(33.0, 15282.0)	(34.0, 17245.0)	(35.0, 20587.0)	(36.0, 26015.0)	(37.0, 38227.0)	(38.0, 76060.0)	(39.0, 781810.0)								
ERR9875478_2	(2.0, 1236.0)	(3.0, 733.0)	(4.0, 89.0)	(5.0, 47.0)	(6.0, 44.0)	(7.0, 54.0)	(8.0, 45.0)	(9.0, 50.0)	(10.0, 48.0)	(11.0, 59.0)	(12.0, 50.0)	(13.0, 51.0)	(14.0, 43.0)	(15.0, 37.0)	(16.0, 187.0)	(17.0, 978.0)	(18.0, 1447.0)	(19.0, 1816.0)	(20.0, 1852.0)	(21.0, 2298.0)	(22.0, 3706.0)	(23.0, 6007.0)	(24.0, 8308.0)	(25.0, 11733.0)	(26.0, 22599.0)	(27.0, 21852.0)	(28.0, 13761.0)	(29.0, 12571.0)	(30.0, 12518.0)	(31.0, 13002.0)	(32.0, 13960.0)	(33.0, 15539.0)	(34.0, 17532.0)	(35.0, 21460.0)	(36.0, 27893.0)	(37.0, 40929.0)	(38.0, 83950.0)	(39.0, 749791.0)
ERR9875480_1	(10.0, 2.0)	(11.0, 5.0)	(12.0, 11.0)	(13.0, 14.0)	(14.0, 11.0)	(15.0, 18.0)	(16.0, 23.0)	(17.0, 25.0)	(18.0, 42.0)	(19.0, 90.0)	(20.0, 229.0)	(21.0, 451.0)	(22.0, 983.0)	(23.0, 2075.0)	(24.0, 4127.0)	(25.0, 6450.0)	(26.0, 8569.0)	(27.0, 11524.0)	(28.0, 17496.0)	(29.0, 18809.0)	(30.0, 13854.0)	(31.0, 13476.0)	(32.0, 14137.0)	(33.0, 15014.0)	(34.0, 16885.0)	(35.0, 19953.0)	(36.0, 25829.0)	(37.0, 37082.0)	(38.0, 72858.0)	(39.0, 784210.0)								
ERR9875480_2	(2.0, 1288.0)	(3.0, 754.0)	(4.0, 53.0)	(5.0, 47.0)	(6.0, 58.0)	(7.0, 53.0)	(8.0, 58.0)	(9.0, 37.0)	(10.0, 47.0)	(11.0, 50.0)	(12.0, 54.0)	(13.0, 38.0)	(14.0, 42.0)	(15.0, 36.0)	(16.0, 96.0)	(17.0, 479.0)	(18.0, 1035.0)	(19.0, 1515.0)	(20.0, 1927.0)	(21.0, 2233.0)	(22.0, 3139.0)	(23.0, 4561.0)	(24.0, 6438.0)	(25.0, 9190.0)	(26.0, 14451.0)	(27.0, 16144.0)	(28.0, 12656.0)	(29.0, 12193.0)	(30.0, 12631.0)	(31.0, 13090.0)	(32.0, 13920.0)	(33.0, 15542.0)	(34.0, 17882.0)	(35.0, 21812.0)	(36.0, 28417.0)	(37.0, 41426.0)	(38.0, 87895.0)	(39.0, 742965.0)
ERR9875482_1	(9.0, 2.0)	(10.0, 2.0)	(11.0, 11.0)	(12.0, 10.0)	(13.0, 23.0)	(14.0, 12.0)	(15.0, 19.0)	(16.0, 22.0)	(17.0, 17.0)	(18.0, 36.0)	(19.0, 113.0)	(20.0, 237.0)	(21.0, 482.0)	(22.0, 1252.0)	(23.0, 2983.0)	(24.0, 6167.0)	(25.0, 8800.0)	(26.0, 11082.0)	(27.0, 14526.0)	(28.0, 23500.0)	(29.0, 29039.0)	(30.0, 17170.0)	(31.0, 15302.0)	(32.0, 15913.0)	(33.0, 16925.0)	(34.0, 19470.0)	(35.0, 22851.0)	(36.0, 29675.0)	(37.0, 43218.0)	(38.0, 85990.0)	(39.0, 894159.0)							
ERR9875482_2	(2.0, 1436.0)	(3.0, 826.0)	(4.0, 87.0)	(5.0, 54.0)	(6.0, 67.0)	(7.0, 59.0)	(8.0, 51.0)	(9.0, 57.0)	(10.0, 41.0)	(11.0, 43.0)	(12.0, 47.0)	(13.0, 54.0)	(14.0, 45.0)	(15.0, 41.0)	(16.0, 168.0)	(17.0, 899.0)	(18.0, 1753.0)	(19.0, 2442.0)	(20.0, 2559.0)	(21.0, 3077.0)	(22.0, 4631.0)	(23.0, 7281.0)	(24.0, 10081.0)	(25.0, 13395.0)	(26.0, 23652.0)	(27.0, 22566.0)	(28.0, 14842.0)	(29.0, 14060.0)	(30.0, 14094.0)	(31.0, 14467.0)	(32.0, 15604.0)	(33.0, 17576.0)	(34.0, 20278.0)	(35.0, 24683.0)	(36.0, 32205.0)	(37.0, 47183.0)	(38.0, 99169.0)	(39.0, 849435.0)
ERR9875485_1	(10.0, 5.0)	(11.0, 7.0)	(12.0, 16.0)	(13.0, 17.0)	(14.0, 17.0)	(15.0, 14.0)	(16.0, 28.0)	(17.0, 24.0)	(18.0, 57.0)	(19.0, 129.0)	(20.0, 301.0)	(21.0, 614.0)	(22.0, 1293.0)	(23.0, 2850.0)	(24.0, 5323.0)	(25.0, 8264.0)	(26.0, 10928.0)	(27.0, 15445.0)	(28.0, 31875.0)	(29.0, 44428.0)	(30.0, 20005.0)	(31.0, 16234.0)	(32.0, 16009.0)	(33.0, 17191.0)	(34.0, 19249.0)	(35.0, 22664.0)	(36.0, 29349.0)	(37.0, 42834.0)	(38.0, 85683.0)	(39.0, 883605.0)								
ERR9875485_2	(2.0, 1379.0)	(3.0, 856.0)	(4.0, 83.0)	(5.0, 61.0)	(6.0, 63.0)	(7.0, 67.0)	(8.0, 49.0)	(9.0, 65.0)	(10.0, 44.0)	(11.0, 46.0)	(12.0, 65.0)	(13.0, 49.0)	(14.0, 52.0)	(15.0, 52.0)	(16.0, 240.0)	(17.0, 1237.0)	(18.0, 1909.0)	(19.0, 2521.0)	(20.0, 2841.0)	(21.0, 3409.0)	(22.0, 5092.0)	(23.0, 7716.0)	(24.0, 10585.0)	(25.0, 15808.0)	(26.0, 36478.0)	(27.0, 32820.0)	(28.0, 15919.0)	(29.0, 13918.0)	(30.0, 14267.0)	(31.0, 14553.0)	(32.0, 15595.0)	(33.0, 17142.0)	(34.0, 20109.0)	(35.0, 24307.0)	(36.0, 31708.0)	(37.0, 45967.0)	(38.0, 97316.0)	(39.0, 840070.0)
ERR9875486_1	(8.0, 1.0)	(9.0, 1.0)	(10.0, 4.0)	(11.0, 6.0)	(12.0, 9.0)	(13.0, 14.0)	(14.0, 20.0)	(15.0, 20.0)	(16.0, 15.0)	(17.0, 16.0)	(18.0, 41.0)	(19.0, 91.0)	(20.0, 178.0)	(21.0, 420.0)	(22.0, 935.0)	(23.0, 2143.0)	(24.0, 4005.0)	(25.0, 6351.0)	(26.0, 8506.0)	(27.0, 11550.0)	(28.0, 19460.0)	(29.0, 25471.0)	(30.0, 14836.0)	(31.0, 13544.0)	(32.0, 13724.0)	(33.0, 15028.0)	(34.0, 17100.0)	(35.0, 20677.0)	(36.0, 26308.0)	(37.0, 38251.0)	(38.0, 78733.0)	(39.0, 755232.0)						
ERR9875486_2	(2.0, 1205.0)	(3.0, 711.0)	(4.0, 63.0)	(5.0, 58.0)	(6.0, 53.0)	(7.0, 42.0)	(8.0, 54.0)	(9.0, 50.0)	(10.0, 49.0)	(11.0, 46.0)	(12.0, 40.0)	(13.0, 30.0)	(14.0, 37.0)	(15.0, 35.0)	(16.0, 168.0)	(17.0, 825.0)	(18.0, 1708.0)	(19.0, 2417.0)	(20.0, 2322.0)	(21.0, 2646.0)	(22.0, 3577.0)	(23.0, 5132.0)	(24.0, 6732.0)	(25.0, 10120.0)	(26.0, 19342.0)	(27.0, 19011.0)	(28.0, 11846.0)	(29.0, 11348.0)	(30.0, 11669.0)	(31.0, 12384.0)	(32.0, 13674.0)	(33.0, 15167.0)	(34.0, 17874.0)	(35.0, 21420.0)	(36.0, 28354.0)	(37.0, 41836.0)	(38.0, 87523.0)	(39.0, 723122.0)
ERR9875487_1	(10.0, 4.0)	(11.0, 9.0)	(12.0, 8.0)	(13.0, 14.0)	(14.0, 12.0)	(15.0, 19.0)	(16.0, 14.0)	(17.0, 27.0)	(18.0, 24.0)	(19.0, 68.0)	(20.0, 157.0)	(21.0, 295.0)	(22.0, 747.0)	(23.0, 1774.0)	(24.0, 3451.0)	(25.0, 5863.0)	(26.0, 8271.0)	(27.0, 10605.0)	(28.0, 15683.0)	(29.0, 18909.0)	(30.0, 13607.0)	(31.0, 13340.0)	(32.0, 13424.0)	(33.0, 14961.0)	(34.0, 16683.0)	(35.0, 19980.0)	(36.0, 25705.0)	(37.0, 37603.0)	(38.0, 73999.0)	(39.0, 791034.0)								
ERR9875487_2	(2.0, 1211.0)	(3.0, 731.0)	(4.0, 76.0)	(5.0, 52.0)	(6.0, 54.0)	(7.0, 50.0)	(8.0, 57.0)	(9.0, 50.0)	(10.0, 38.0)	(11.0, 39.0)	(12.0, 43.0)	(13.0, 29.0)	(14.0, 49.0)	(15.0, 31.0)	(16.0, 99.0)	(17.0, 511.0)	(18.0, 1029.0)	(19.0, 1355.0)	(20.0, 1300.0)	(21.0, 1499.0)	(22.0, 2192.0)	(23.0, 3454.0)	(24.0, 4979.0)	(25.0, 7473.0)	(26.0, 13058.0)	(27.0, 14496.0)	(28.0, 11168.0)	(29.0, 11290.0)	(30.0, 11486.0)	(31.0, 11936.0)	(32.0, 12887.0)	(33.0, 14121.0)	(34.0, 16462.0)	(35.0, 20183.0)	(36.0, 26297.0)	(37.0, 38610.0)	(38.0, 75990.0)	(39.0, 781905.0)
ERR9875489_1	(8.0, 1.0)	(9.0, 2.0)	(10.0, 4.0)	(11.0, 12.0)	(12.0, 11.0)	(13.0, 16.0)	(14.0, 22.0)	(15.0, 25.0)	(16.0, 18.0)	(17.0, 20.0)	(18.0, 50.0)	(19.0, 109.0)	(20.0, 276.0)	(21.0, 525.0)	(22.0, 1173.0)	(23.0, 2644.0)	(24.0, 5242.0)	(25.0, 8154.0)	(26.0, 10792.0)	(27.0, 14548.0)	(28.0, 26407.0)	(29.0, 33548.0)	(30.0, 18388.0)	(31.0, 16372.0)	(32.0, 16674.0)	(33.0, 18192.0)	(34.0, 20497.0)	(35.0, 24530.0)	(36.0, 31621.0)	(37.0, 45430.0)	(38.0, 91252.0)	(39.0, 930863.0)						
ERR9875489_2	(2.0, 1503.0)	(3.0, 833.0)	(4.0, 72.0)	(5.0, 61.0)	(6.0, 59.0)	(7.0, 61.0)	(8.0, 51.0)	(9.0, 52.0)	(10.0, 48.0)	(11.0, 67.0)	(12.0, 69.0)	(13.0, 55.0)	(14.0, 50.0)	(15.0, 46.0)	(16.0, 126.0)	(17.0, 853.0)	(18.0, 1637.0)	(19.0, 2325.0)	(20.0, 2636.0)	(21.0, 3032.0)	(22.0, 4453.0)	(23.0, 6761.0)	(24.0, 9279.0)	(25.0, 12979.0)	(26.0, 25917.0)	(27.0, 26182.0)	(28.0, 15460.0)	(29.0, 14583.0)	(30.0, 14719.0)	(31.0, 15439.0)	(32.0, 16656.0)	(33.0, 18761.0)	(34.0, 22047.0)	(35.0, 26717.0)	(36.0, 35421.0)	(37.0, 51518.0)	(38.0, 112190.0)	(39.0, 874700.0)
ERR9875491_1	(9.0, 1.0)	(10.0, 3.0)	(11.0, 12.0)	(12.0, 12.0)	(13.0, 17.0)	(14.0, 10.0)	(15.0, 20.0)	(16.0, 28.0)	(17.0, 24.0)	(18.0, 25.0)	(19.0, 79.0)	(20.0, 171.0)	(21.0, 417.0)	(22.0, 852.0)	(23.0, 1895.0)	(24.0, 3830.0)	(25.0, 6548.0)	(26.0, 8758.0)	(27.0, 12038.0)	(28.0, 21055.0)	(29.0, 24462.0)	(30.0, 13653.0)	(31.0, 12364.0)	(32.0, 12742.0)	(33.0, 13647.0)	(34.0, 15217.0)	(35.0, 17766.0)	(36.0, 23172.0)	(37.0, 32970.0)	(38.0, 63589.0)	(39.0, 700644.0)							
ERR9875491_2	(2.0, 1122.0)	(3.0, 627.0)	(4.0, 48.0)	(5.0, 58.0)	(6.0, 36.0)	(7.0, 43.0)	(8.0, 46.0)	(9.0, 33.0)	(10.0, 43.0)	(11.0, 35.0)	(12.0, 34.0)	(13.0, 43.0)	(14.0, 34.0)	(15.0, 35.0)	(16.0, 132.0)	(17.0, 850.0)	(18.0, 1662.0)	(19.0, 2427.0)	(20.0, 2446.0)	(21.0, 2608.0)	(22.0, 3511.0)	(23.0, 5099.0)	(24.0, 7174.0)	(25.0, 10889.0)	(26.0, 20338.0)	(27.0, 19757.0)	(28.0, 12409.0)	(29.0, 11805.0)	(30.0, 11629.0)	(31.0, 11910.0)	(32.0, 12940.0)	(33.0, 13978.0)	(34.0, 16093.0)	(35.0, 19468.0)	(36.0, 25468.0)	(37.0, 36776.0)	(38.0, 77121.0)	(39.0, 657294.0)
