Sample	FastQC_mqc_generalstats_fastqc_percent_duplicates	FastQC_mqc_generalstats_fastqc_percent_gc	FastQC_mqc_generalstats_fastqc_avg_sequence_length	FastQC_mqc_generalstats_fastqc_median_sequence_length	FastQC_mqc_generalstats_fastqc_percent_fails	FastQC_mqc_generalstats_fastqc_total_sequences
ERR3518658_1	95.39987043666451	49.0	147.8978815174931	151	40.0	2.502074
ERR3518658_2	95.08145346993284	49.0	147.5924169309141	151	40.0	2.502074
ERR3518664_1	96.26700693702412	49.0	143.0334874776261	151	30.0	4.27954
ERR3518664_2	95.87737218811337	49.0	142.61555587750084	151	30.0	4.27954
ERR3518669_1	96.047656838651	49.0	142.8390447458292	151	40.0	3.701507
ERR3518669_2	95.55076711364346	49.0	142.49829515383868	151	30.0	3.701507
ERR3518674_1	96.26023833828441	49.0	143.09114736818378	151	40.0	4.170466
ERR3518674_2	95.81832705542863	49.0	142.75931274826362	151	40.0	4.170466
ERR3518680_1	95.6090208538605	49.0	143.85165624475223	151	40.0	3.7694609999999997
ERR3518680_2	95.53916842611406	49.0	143.21049799958138	151	40.0	3.7694609999999997
ERR3518689_1	96.71375949589232	48.0	144.71622560200865	151	40.0	5.138589
ERR3518689_2	96.26192739207934	48.0	143.67157949390386	151	40.0	5.138589
ERR3518695_1	94.05385905489875	49.0	138.6228543916356	147	30.0	3.950453
ERR3518695_2	89.30581620041619	49.0	136.3742340435388	151	30.0	3.950453
ERR3518702_1	96.67275036105816	50.0	145.1737149523887	151	40.0	4.501662
ERR3518702_2	96.50686166867943	50.0	144.62867292124554	151	40.0	4.501662
ERR3518707_1	94.96325169300117	48.0	142.8522137512639	151	40.0	4.944999999999999
ERR3518707_2	91.62450506429623	48.0	141.2955365015167	151	40.0	4.944999999999999
ERR3518711_1	94.69257738265733	50.0	141.01092676194037	151	30.0	3.4777
ERR3518711_2	91.53405773260373	50.0	139.11763636886448	151	30.0	3.4777
ERR3518719_1	97.11441902992603	49.0	145.39662857285623	151	40.0	2.681713
ERR3518719_2	96.2692859120545	49.0	144.91306564125244	151	40.0	2.681713
ERR3518728_1	97.77134203923573	49.0	145.1631634551562	151	40.0	3.8704009999999998
ERR3518728_2	96.98323855684525	49.0	144.63762721227076	151	40.0	3.8704009999999998
ERR3518741_1	96.06094352587543	49.0	143.24049444357777	151	40.0	4.416601
ERR3518741_2	92.90846799675548	49.0	141.24833282426917	151	30.0	4.416601
ERR3518742_1	96.5697973189705	49.0	144.64575939136458	151	40.0	4.0273699999999995
ERR3518742_2	95.92716534242886	49.0	144.0858202747699	151	40.0	4.0273699999999995
ERR3518753_1	96.24795454337615	49.0	143.70514975272243	151	40.0	3.35453
ERR3518753_2	92.28975851779161	49.0	140.4523134388424	151	40.0	3.35453
ERR3518754_1	96.64259276551236	49.0	144.97688224824154	151	40.0	3.067037
ERR3518754_2	95.53045344356887	49.0	143.63890817098067	151	40.0	3.067037
ERR3518769_1	96.4134731765992	49.0	143.29450626526778	151	40.0	3.490194
ERR3518769_2	92.87829075185971	49.0	141.0032972379186	151	40.0	3.490194
ERR3518770_1	96.76664201818409	49.0	144.44147794094525	151	40.0	3.1801
ERR3518770_2	96.04421512803745	49.0	143.793529763215	151	40.0	3.1801
ERR3518780_1	97.33428053549197	49.0	144.68565593208598	151	40.0	3.75298
ERR3518780_2	96.71439216500586	49.0	144.38433218402443	151	40.0	3.75298
ERR3518791_1	97.00480080419749	48.0	143.9960472623738	151	40.0	3.4960579999999997
ERR3518791_2	96.38321763191941	48.0	143.76485744801715	151	40.0	3.4960579999999997
ERR3518798_1	96.94555560044111	49.0	145.4633689036154	151	40.0	3.5376909999999997
ERR3518798_2	96.30007521751202	49.0	145.14722399440765	151	40.0	3.5376909999999997
ERR3518807_1	97.50473330590738	50.0	145.51086775188423	151	40.0	3.434703
ERR3518807_2	97.23312321327346	50.0	145.24078442881378	151	40.0	3.434703
ERR3518820_1	96.90771050630184	48.0	143.5939068534325	151	40.0	3.444099
ERR3518820_2	96.36778089158564	48.0	143.29199538108514	151	40.0	3.444099
ERR4223600_1	91.4838807007278	43.0	251.0	251	36.36363636363637	0.437488
ERR4223600_2	90.31150568701312	43.0	251.0	251	45.45454545454545	0.437488
ERR4223601_1	90.64925107990351	43.0	251.0	251	36.36363636363637	0.427816
ERR4223601_2	88.50276754492586	43.0	251.0	251	45.45454545454545	0.427816
ERR4223602_1	91.02312801540425	42.0	251.0	251	36.36363636363637	0.46220999999999995
ERR4223602_2	90.46039678933818	42.0	251.0	251	45.45454545454545	0.46220999999999995
ERR4223603_1	90.2861303692456	42.0	251.0	251	36.36363636363637	0.450459
ERR4223603_2	88.5021722287711	42.0	251.0	251	45.45454545454545	0.450459
ERR4223604_1	91.47172465796059	42.0	251.0	251	36.36363636363637	0.39520299999999997
ERR4223604_2	89.94997507610013	42.0	251.0	251	45.45454545454545	0.39520299999999997
ERR4223605_1	90.63023823322271	42.0	251.0	251	36.36363636363637	0.384791
ERR4223605_2	88.15278943634337	42.0	251.0	251	45.45454545454545	0.384791
ERR4223606_1	91.12586808722833	42.0	251.0	251	36.36363636363637	0.411105
ERR4223606_2	90.17185390593644	43.0	251.0	251	36.36363636363637	0.411105
ERR4223607_1	90.3655984368336	43.0	251.0	251	36.36363636363637	0.403284
ERR4223607_2	88.49322065839458	43.0	251.0	251	36.36363636363637	0.403284
ERR4223608_1	91.73917481503382	42.0	251.0	251	36.36363636363637	0.5682119999999999
ERR4223608_2	90.17303400843348	42.0	251.0	251	45.45454545454545	0.5682119999999999
ERR4223609_1	90.83863840016699	42.0	251.0	251	36.36363636363637	0.555758
ERR4223609_2	88.35302415799683	42.0	251.0	251	45.45454545454545	0.555758
ERR4223610_1	90.81420150913969	42.0	251.0	251	36.36363636363637	0.43600999999999995
ERR4223610_2	89.39198642232977	42.0	251.0	251	45.45454545454545	0.43600999999999995
ERR4223611_1	90.1614103277261	42.0	251.0	251	36.36363636363637	0.42605699999999996
ERR4223611_2	87.6162109764656	42.0	251.0	251	45.45454545454545	0.42605699999999996
ERR4223612_1	90.64028481445982	43.0	251.0	251	36.36363636363637	0.36515
ERR4223612_2	89.69190743530056	43.0	251.0	251	45.45454545454545	0.36515
ERR4223613_1	89.99762838130049	43.0	251.0	251	36.36363636363637	0.358405
ERR4223613_2	87.91367307933763	43.0	251.0	251	45.45454545454545	0.358405
ERR4223614_1	92.44012104012447	42.0	251.0	251	36.36363636363637	0.46794399999999997
ERR4223614_2	90.97092814524815	41.0	251.0	251	45.45454545454545	0.46794399999999997
ERR4223615_1	91.57385126492403	42.0	251.0	251	36.36363636363637	0.454217
ERR4223615_2	89.15870608101415	41.0	251.0	251	45.45454545454545	0.454217
ERR4223616_1	91.41245119962781	44.0	251.0	251	36.36363636363637	0.455683
ERR4223616_2	90.04483379893479	43.0	251.0	251	36.36363636363637	0.455683
ERR4223617_1	90.63780067488315	44.0	251.0	251	36.36363636363637	0.44333599999999995
ERR4223617_2	88.30300268870563	43.0	251.0	251	36.36363636363637	0.44333599999999995
ERR4223618_1	90.96256163024943	44.0	251.0	251	36.36363636363637	0.42045099999999996
ERR4223618_2	89.47558692927356	44.0	251.0	251	45.45454545454545	0.42045099999999996
ERR4223619_1	90.20320526443065	44.0	251.0	251	36.36363636363637	0.409389
ERR4223619_2	87.58589019245754	44.0	251.0	251	45.45454545454545	0.409389
ERR4223620_1	91.77557935816871	43.0	251.0	251	36.36363636363637	0.476605
ERR4223620_2	90.07647842553058	43.0	251.0	251	45.45454545454545	0.476605
ERR4223621_1	90.80861954020517	43.0	251.0	251	36.36363636363637	0.46498999999999996
ERR4223621_2	88.2446934342674	43.0	251.0	251	45.45454545454545	0.46498999999999996
ERR4223622_1	91.43385071994874	43.0	251.0	251	36.36363636363637	0.415099
ERR4223622_2	90.07369326353472	43.0	251.0	251	45.45454545454545	0.415099
ERR4223623_1	90.84832192856419	43.0	251.0	251	36.36363636363637	0.404363
ERR4223623_2	88.39532796027332	43.0	251.0	251	45.45454545454545	0.404363
ERR4223624_1	91.77884709522039	43.0	251.0	251	36.36363636363637	0.408568
ERR4223624_2	90.68135536801708	43.0	251.0	251	45.45454545454545	0.408568
ERR4223625_1	90.99662975445354	43.0	251.0	251	36.36363636363637	0.39878399999999997
ERR4223625_2	88.86740691702776	43.0	251.0	251	45.45454545454545	0.39878399999999997
ERR4223626_1	91.26944515512085	43.0	251.0	251	36.36363636363637	0.476854
ERR4223626_2	90.51932037898392	43.0	251.0	251	45.45454545454545	0.476854
ERR4223627_1	90.580388988681	43.0	251.0	251	36.36363636363637	0.465412
ERR4223627_2	88.80196471083686	43.0	251.0	251	36.36363636363637	0.465412
ERR9875453_1	96.6680910723374	50.0	151.0	151	45.45454545454545	1.249644
ERR9875453_2	95.24928699693673	50.0	151.0	151	45.45454545454545	1.249644
ERR9875457_1	97.03244281498202	50.0	151.0	151	27.27272727272727	1.141208
ERR9875457_2	95.73679819980231	50.0	151.0	151	36.36363636363637	1.141208
ERR9875459_1	97.33613354294157	52.0	151.0	151	36.36363636363637	1.227051
ERR9875459_2	96.0845148245672	52.0	151.0	151	36.36363636363637	1.227051
ERR9875461_1	97.52539861581528	50.0	151.0	151	27.27272727272727	1.286389
ERR9875461_2	95.93808715715075	50.0	151.0	151	27.27272727272727	1.286389
ERR9875463_1	96.94657838205784	49.0	151.0	151	36.36363636363637	1.018071
ERR9875463_2	95.6886111086555	49.0	151.0	151	36.36363636363637	1.018071
ERR9875466_1	97.52046923871997	49.0	151.0	151	36.36363636363637	1.184216
ERR9875466_2	96.29771933498618	49.0	151.0	151	36.36363636363637	1.184216
ERR9875467_1	97.23007995186619	51.0	151.0	151	36.36363636363637	1.303034
ERR9875467_2	95.26850412191854	51.0	151.0	151	36.36363636363637	1.303034
ERR9875470_1	97.45681543366918	48.0	151.0	151	36.36363636363637	1.129686
ERR9875470_2	96.16309310728822	48.0	151.0	151	36.36363636363637	1.129686
ERR9875473_1	96.95841581474696	49.0	151.0	151	36.36363636363637	1.180569
ERR9875473_2	95.21129218199022	49.0	151.0	151	36.36363636363637	1.180569
ERR9875474_1	95.879022583293	47.0	151.0	151	45.45454545454545	1.045286
ERR9875474_2	94.15413580589427	47.0	151.0	151	45.45454545454545	1.045286
ERR9875475_1	96.26916579261311	45.0	151.0	151	36.36363636363637	1.24897
ERR9875475_2	94.05422067783854	45.0	151.0	151	36.36363636363637	1.24897
ERR9875477_1	97.17631814063124	50.0	151.0	151	27.27272727272727	1.2625359999999999
ERR9875477_2	95.1146739578119	50.0	151.0	151	27.27272727272727	1.2625359999999999
ERR9875478_1	96.56267623107983	48.0	151.0	151	27.27272727272727	1.108275
ERR9875478_2	95.07676343867722	48.0	151.0	151	27.27272727272727	1.108275
ERR9875480_1	96.43210250015679	48.0	151.0	151	36.36363636363637	1.084252
ERR9875480_2	95.16339374979249	48.0	151.0	151	36.36363636363637	1.084252
ERR9875482_1	96.36674270536804	50.0	151.0	151	36.36363636363637	1.259008
ERR9875482_2	94.72251169174461	50.0	151.0	151	36.36363636363637	1.259008
ERR9875485_1	96.28053651042246	49.0	151.0	151	36.36363636363637	1.2744579999999999
ERR9875485_2	94.61425955190363	49.0	151.0	151	36.36363636363637	1.2744579999999999
ERR9875486_1	95.55761683244927	47.0	151.0	151	36.36363636363637	1.07269
ERR9875486_2	94.20279857181478	47.0	151.0	151	36.36363636363637	1.07269
ERR9875487_1	96.55441916983494	49.0	151.0	151	27.27272727272727	1.08629
ERR9875487_2	95.73861491866813	49.0	151.0	151	27.27272727272727	1.08629
ERR9875489_1	96.62703864680762	49.0	151.0	151	45.45454545454545	1.317418
ERR9875489_2	95.1322207530184	49.0	151.0	151	45.45454545454545	1.317418
ERR9875491_1	96.19490862770671	50.0	151.0	151	36.36363636363637	0.9860209999999999
ERR9875491_2	94.34829481319363	50.0	151.0	151	36.36363636363637	0.9860209999999999
