Sample	FastQC_mqc_generalstats_fastqc_percent_duplicates	FastQC_mqc_generalstats_fastqc_percent_gc	FastQC_mqc_generalstats_fastqc_avg_sequence_length	FastQC_mqc_generalstats_fastqc_median_sequence_length	FastQC_mqc_generalstats_fastqc_percent_fails	FastQC_mqc_generalstats_fastqc_total_sequences
ERR1755874_1	74.94912302563813	50.0	121.40602675985458	137	27.27272727272727	2.7362629999999997
ERR1755874_2	80.68560166775274	50.0	125.44311456903083	137	27.27272727272727	2.7362629999999997
ERR1755875_1	72.87031155033394	49.0	119.20541064669352	132	36.36363636363637	1.231387
ERR1755875_2	75.09839770395885	49.0	123.84423012424202	137	45.45454545454545	1.231387
ERR1755883_1	77.94402450516195	49.0	113.52267005746268	127	36.36363636363637	1.131691
ERR1755883_2	74.3339833177387	49.0	119.17713580827275	132	45.45454545454545	1.131691
ERR1755895_1	70.91975900795612	49.0	118.20838251047657	132	27.27272727272727	0.47701699999999997
ERR1755895_2	72.02077562935395	50.0	119.27729200426819	132	45.45454545454545	0.47701699999999997
ERR1755908_1	68.51105363828351	49.0	118.46475356472676	132	27.27272727272727	1.175055
ERR1755908_2	70.21435240338559	49.0	117.67839803243253	127	27.27272727272727	1.175055
ERR1755912_1	71.57087680328529	50.0	117.83641589219292	132	36.36363636363637	1.206303
ERR1755912_2	72.68958339490779	50.0	116.48455653347459	127	27.27272727272727	1.206303
ERR1755913_1	74.56064375451827	50.0	117.99171000397901	132	27.27272727272727	0.864536
ERR1755913_2	76.69870514036717	50.0	120.64896892668438	132	45.45454545454545	0.864536
ERR1755917_1	75.50786273801774	50.0	110.40783738608053	122	27.27272727272727	1.317378
ERR1755917_2	76.06397848160883	51.0	117.63664415224787	132	36.36363636363637	1.317378
ERR1755919_1	94.73518233581973	50.0	132.16612934157047	142	36.36363636363637	2.044076
ERR1755919_2	90.82199266211632	50.0	126.99569879006455	137	36.36363636363637	2.044076
ERR1755921_1	77.57572869965043	48.0	120.89236051276622	132	36.36363636363637	1.294079
ERR1755921_2	81.05011425842855	48.0	121.22550091609554	132	54.54545454545454	1.294079
ERR1755922_1	70.50191592578967	49.0	110.92711131056785	122	36.36363636363637	0.583808
ERR1755922_2	71.90561060415939	49.0	116.42029400076737	127	36.36363636363637	0.583808
ERR1755943_1	77.0678241912975	49.0	119.58655624295751	132	27.27272727272727	1.5779219999999998
ERR1755943_2	79.30409531151493	50.0	125.4785249207502	137	45.45454545454545	1.5779219999999998
ERR1755944_1	74.24408861665282	49.0	119.68226982118101	137	36.36363636363637	0.397441
ERR1755944_2	73.8467367266302	50.0	116.0680302233539	127	45.45454545454545	0.397441
ERR1755946_1	80.8794618855367	48.0	119.03714091296648	132	36.36363636363637	1.21976
ERR1755946_2	81.32247806450141	49.0	117.57121318947989	127	45.45454545454545	1.21976
ERR1755949_1	73.55426411406987	50.0	112.90006627202423	127	27.27272727272727	0.8027519999999999
ERR1755949_2	71.25668284328472	50.0	117.43500358765846	132	45.45454545454545	0.8027519999999999
ERR1755954_1	68.60194947092884	48.0	116.58238270218686	132	27.27272727272727	0.771242
ERR1755954_2	66.22289717863718	49.0	118.99055549360642	132	45.45454545454545	0.771242
ERR1755957_1	96.09993022802946	49.0	124.82400653533702	132	36.36363636363637	2.290318
ERR1755957_2	93.489793337554	49.0	118.85621472651395	122	36.36363636363637	2.290318
ERR1755965_1	76.25568074068539	49.0	118.3975546674724	132	36.36363636363637	1.578681
ERR1755965_2	80.56676556094538	50.0	127.07545539599197	142	27.27272727272727	1.578681
ERR1755971_1	86.1587097160295	50.0	125.78517007060967	137	27.27272727272727	1.05368
ERR1755971_2	85.89015660877467	50.0	125.82850960443399	137	27.27272727272727	1.05368
ERR1755973_1	73.51984977786512	49.0	121.43671777556783	137	27.27272727272727	1.376603
ERR1755973_2	79.19992600643062	49.0	125.68659446478033	137	27.27272727272727	1.376603
ERR1755988_1	73.80354237121071	49.0	114.72087849982093	127	36.36363636363637	0.6086739999999999
ERR1755988_2	74.19396052178601	50.0	109.1083272819276	122	45.45454545454545	0.6086739999999999
ERR1755991_1	70.96505923018817	49.0	113.3850772422665	127	27.27272727272727	1.240642
ERR1755991_2	72.84011144253377	49.0	121.00374967154103	137	45.45454545454545	1.240642
ERR1756002_1	69.89816049816307	48.0	115.27420633051902	127	36.36363636363637	0.7432249999999999
ERR1756002_2	74.8277319259812	49.0	121.46306703891823	137	45.45454545454545	0.7432249999999999
ERR1756003_1	95.91397518802277	50.0	121.75141851760736	127	36.36363636363637	2.2763199999999997
ERR1756003_2	92.83686650929187	50.0	115.66287384901948	122	36.36363636363637	2.2763199999999997
ERR1756007_1	73.59779350854149	49.0	116.43569127999507	132	36.36363636363637	1.0065819999999999
ERR1756007_2	75.60595162478548	49.0	119.97478993266321	137	36.36363636363637	1.0065819999999999
ERR1756017_1	75.81947904134972	49.0	118.80831563669466	132	36.36363636363637	1.326994
ERR1756017_2	76.85853850085591	50.0	117.32227877443304	127	27.27272727272727	1.326994
ERR1756023_1	81.67169432161154	49.0	111.1569819559494	117	27.27272727272727	3.1146
ERR1756023_2	80.63562452702709	50.0	116.4285131317023	127	27.27272727272727	3.1146
ERR1756032_1	95.16397675854702	49.0	135.99949516847425	151	27.27272727272727	1.978878
ERR1756032_2	95.33387101175515	49.0	136.36755575634274	151	27.27272727272727	1.978878
ERR1756035_1	73.90101258801337	49.0	112.74573959864775	122	27.27272727272727	0.910771
ERR1756035_2	74.89529694333301	50.0	112.12875135462153	122	45.45454545454545	0.910771
ERR1756057_1	63.94881331916401	48.0	122.78445802337939	142	27.27272727272727	0.22583999999999999
ERR1756057_2	64.6068012752391	49.0	124.02392401700318	142	45.45454545454545	0.22583999999999999
ERR1756062_1	66.6948290447985	49.0	117.51624150028152	132	27.27272727272727	0.46177999999999997
ERR1756062_2	71.14896647446213	50.0	117.96498765645978	132	45.45454545454545	0.46177999999999997
ERR1756071_1	77.73478645475913	49.0	120.27143287802004	132	27.27272727272727	0.875734
ERR1756071_2	80.5783339163327	50.0	119.68197420677969	137	45.45454545454545	0.875734
ERR1756073_1	69.1938690053372	49.0	115.7889856047866	127	27.27272727272727	1.1351689999999999
ERR1756073_2	72.24328713115935	49.0	120.13531553451513	132	36.36363636363637	1.1351689999999999
ERR1756075_1	69.96934640546824	49.0	112.8004014445526	127	27.27272727272727	1.111486
ERR1756075_2	73.58028283418196	49.0	121.40607798928642	137	45.45454545454545	1.111486
ERR1756080_1	84.55324052395424	50.0	125.39955070056799	132	27.27272727272727	1.350547
ERR1756080_2	83.9719392996601	50.0	125.51000298397612	132	27.27272727272727	1.350547
ERR1756084_1	72.54484512294887	48.0	114.78529550348962	127	36.36363636363637	1.264892
ERR1756084_2	74.46826666446836	48.0	122.74091859225926	137	45.45454545454545	1.264892
ERR1756086_1	75.05574923587135	49.0	120.9146586972236	137	36.36363636363637	1.441506
ERR1756086_2	78.76842811223395	49.0	125.55241046516629	142	36.36363636363637	1.441506
ERR1756092_1	69.2361229771223	50.0	117.91005095292229	132	27.27272727272727	1.032718
ERR1756092_2	70.98610135379546	50.0	118.27222242664503	132	45.45454545454545	1.032718
ERR1756105_1	90.57139866932998	49.0	132.99528650052275	147	27.27272727272727	4.880026
ERR1756105_2	93.77682188485201	49.0	131.85423663726382	142	27.27272727272727	4.880026
ERR1756107_1	73.07723466919005	50.0	119.75430078676779	137	36.36363636363637	0.506884
ERR1756107_2	72.80208152339404	50.0	116.68004513853268	127	45.45454545454545	0.506884
ERR1756111_1	72.22404926995553	49.0	115.01734118614768	127	27.27272727272727	0.8728929999999999
ERR1756111_2	73.08865290346873	50.0	114.3445966458661	122	45.45454545454545	0.8728929999999999
ERR1756115_1	95.81752116017036	49.0	127.93480618901289	137	36.36363636363637	2.318625
ERR1756115_2	94.52292796863648	49.0	124.04438363254084	132	36.36363636363637	2.318625
ERR1756118_1	78.82210316283094	48.0	119.8970846369588	137	36.36363636363637	0.777639
ERR1756118_2	80.34616580435926	49.0	119.03857574015707	132	54.54545454545454	0.777639
ERR1756127_1	67.30303233745458	49.0	110.20945643999259	122	27.27272727272727	0.825723
ERR1756127_2	67.79065744672636	50.0	113.87449302005636	132	27.27272727272727	0.825723
ERR1756130_1	76.13724694371624	49.0	117.29272211998475	127	36.36363636363637	1.3927269999999998
ERR1756130_2	78.8457695273942	50.0	120.09052168874446	127	27.27272727272727	1.3927269999999998
ERR1756135_1	70.54781427666532	49.0	113.66339962853623	127	27.27272727272727	0.9115289999999999
ERR1756135_2	72.7289073386516	50.0	117.79311903406254	132	36.36363636363637	0.9115289999999999
ERR1756136_1	75.09708103954716	49.0	111.87070646873984	122	27.27272727272727	0.627572
ERR1756136_2	75.09735818981392	50.0	115.96764355324967	127	36.36363636363637	0.627572
ERR1756139_1	74.6234992632115	50.0	120.89664343945434	132	27.27272727272727	2.021623
ERR1756139_2	79.80669915623311	50.0	124.59496355156229	137	27.27272727272727	2.021623
ERR1756149_1	69.75915370976668	49.0	110.833103351263	122	27.27272727272727	0.597148
ERR1756149_2	72.31750776454209	49.0	119.28030571985505	132	45.45454545454545	0.597148
ERR1756161_1	79.14841442054843	49.0	119.68698056118478	132	27.27272727272727	1.493198
ERR1756161_2	81.38850038942795	49.0	125.74793295999592	137	45.45454545454545	1.493198
ERR1756162_1	69.69566226039717	49.0	113.24918059987942	122	36.36363636363637	0.904015
ERR1756162_2	70.84591808190476	49.0	116.42772077896937	132	36.36363636363637	0.904015
ERR1756165_1	71.66887230522244	49.0	119.2294475427947	132	27.27272727272727	0.827322
ERR1756165_2	75.74330467062163	50.0	123.62475432781916	137	45.45454545454545	0.827322
ERR1756169_1	77.33619079077792	48.0	122.92755267987515	132	27.27272727272727	1.866225
ERR1756169_2	81.17053526600102	49.0	125.8455411325001	137	27.27272727272727	1.866225
ERR1756171_1	70.96005807674825	49.0	113.3122007923314	127	27.27272727272727	1.169965
ERR1756171_2	72.09731013713258	50.0	117.99337587021834	132	27.27272727272727	1.169965
ERR1756182_1	95.37204572154722	49.0	118.59489160142678	127	27.27272727272727	2.59044
ERR1756182_2	90.1363687022494	49.0	114.5375314618366	122	45.45454545454545	2.59044
ERR1756183_1	72.59365050459785	49.0	121.9910935604077	137	36.36363636363637	1.5773979999999999
ERR1756183_2	79.51749829613853	49.0	126.09026383956363	137	27.27272727272727	1.5773979999999999
ERR1756186_1	77.4276006266537	50.0	119.85457850598672	132	27.27272727272727	1.44403
ERR1756186_2	77.88199510485057	50.0	117.18441722124886	127	27.27272727272727	1.44403
ERR1756192_1	69.10723385198295	49.0	116.19997133980195	132	27.27272727272727	0.481504
ERR1756192_2	71.94926449907675	50.0	114.80944706586031	127	45.45454545454545	0.481504
ERR1756203_1	75.8102239424554	49.0	114.77100852448214	122	27.27272727272727	1.092735
ERR1756203_2	75.21288028933569	50.0	111.97171683894082	122	45.45454545454545	1.092735
ERR1756220_1	95.34012812493644	49.0	119.31498761245965	127	27.27272727272727	2.554583
ERR1756220_2	90.54284474894827	49.0	115.82188913024162	122	45.45454545454545	2.554583
ERR1756221_1	95.79710353655784	50.0	121.30406532522926	127	27.27272727272727	2.4626319999999997
ERR1756221_2	93.64959687560875	50.0	116.91955720546147	122	36.36363636363637	2.4626319999999997
ERR1756224_1	73.16370891385907	49.0	117.32788271177314	132	36.36363636363637	0.609166
ERR1756224_2	76.64584331004289	50.0	122.06913386498918	137	45.45454545454545	0.609166
ERR1756228_1	77.25511174687567	50.0	116.24900146290986	127	27.27272727272727	1.013733
ERR1756228_2	78.03065485408402	50.0	120.14195947059038	132	45.45454545454545	1.013733
ERR1756232_1	76.69138498614791	49.0	117.83020212412848	132	36.36363636363637	1.087599
ERR1756232_2	78.5721468006006	49.0	121.54775151503449	137	45.45454545454545	1.087599
ERR1756234_1	93.72128834855147	50.0	129.09626697067608	137	27.27272727272727	2.984118
ERR1756234_2	94.70955352310168	50.0	127.63346489649538	137	27.27272727272727	2.984118
ERR1756237_1	64.5179633623654	49.0	116.76342409814121	132	27.27272727272727	0.59017
ERR1756237_2	65.67529861537915	50.0	117.60357354660522	132	27.27272727272727	0.59017
ERR1756246_1	78.1712270905773	49.0	122.90836299279098	137	27.27272727272727	3.592446
ERR1756246_2	80.5651134478601	49.0	126.06156334708997	137	27.27272727272727	3.592446
ERR1756249_1	70.93627551760774	49.0	115.84480377612192	127	36.36363636363637	1.072423
ERR1756249_2	73.4662481555377	49.0	116.91752321611901	127	45.45454545454545	1.072423
ERR1756250_1	66.16253576601196	49.0	117.07798080123793	132	27.27272727272727	0.555765
ERR1756250_2	67.83093688632725	49.0	118.21999226291688	132	27.27272727272727	0.555765
ERR1756254_1	70.95679373219254	49.0	117.08546089694093	132	27.27272727272727	0.805538
ERR1756254_2	71.15356950627589	49.0	120.72574602315471	137	45.45454545454545	0.805538
ERR1756258_1	70.53114307812744	49.0	117.87318709491115	132	27.27272727272727	1.1912509999999998
ERR1756258_2	74.27830973278765	50.0	122.62155246879121	137	36.36363636363637	1.1912509999999998
ERR1756259_1	74.44415380087955	50.0	111.32148160583199	122	27.27272727272727	1.119893
ERR1756259_2	74.68828883246445	50.0	112.80156943565144	122	45.45454545454545	1.119893
ERR1756270_1	83.4963527438965	49.0	123.37663482331043	132	27.27272727272727	1.8266499999999999
ERR1756270_2	80.7851594660797	49.0	123.41538170968714	132	27.27272727272727	1.8266499999999999
ERR1756280_1	83.2956892530651	49.0	123.73188092860335	132	27.27272727272727	2.000682
ERR1756280_2	82.3523912370951	49.0	124.3219477158289	132	27.27272727272727	2.000682
ERR1756293_1	64.56082383391156	48.0	124.0808029076491	142	36.36363636363637	0.18159
ERR1756293_2	65.80703783247976	48.0	125.04489784679772	142	45.45454545454545	0.18159
ERR1756296_1	73.21517972911636	49.0	110.4756820959417	122	27.27272727272727	0.872238
ERR1756296_2	74.17931590122065	50.0	112.5952916520491	122	45.45454545454545	0.872238
ERR1756297_1	76.26420158563053	50.0	117.32477513941181	127	27.27272727272727	2.578153
ERR1756297_2	80.92936791314762	50.0	121.50202412347134	132	27.27272727272727	2.578153
ERR1756304_1	93.69368013031597	50.0	130.58309880635255	142	27.27272727272727	1.96708
ERR1756304_2	94.4105790556651	50.0	131.85515535717917	142	27.27272727272727	1.96708
ERR1756317_1	69.11536050676357	47.0	118.48795614609712	132	27.27272727272727	0.6136739999999999
ERR1756317_2	68.30849410136561	48.0	120.73035683441046	132	45.45454545454545	0.6136739999999999
ERR1756327_1	75.7924049323065	49.0	118.25511691845624	127	27.27272727272727	2.1961459999999997
ERR1756327_2	76.98021598341744	49.0	122.26128681790738	132	27.27272727272727	2.1961459999999997
ERR1756353_1	74.12630075574864	49.0	120.38581637507943	132	27.27272727272727	1.252684
ERR1756353_2	83.27673486604142	49.0	126.6380531722286	137	27.27272727272727	1.252684
ERR1756365_1	91.79072689027944	49.0	131.51845807706934	142	27.27272727272727	4.030837
ERR1756365_2	94.31861138748752	49.0	130.62352583346834	142	27.27272727272727	4.030837
ERR1879660_1	72.58013666174642	50.0	117.03869492552994	132	27.27272727272727	1.6675829999999998
ERR1879660_2	78.66197599038686	50.0	122.14036542708818	132	27.27272727272727	1.6675829999999998
ERR1879670_1	89.15166528468293	48.0	125.10736607922922	132	27.27272727272727	1.516587
ERR1879670_2	88.50346868588318	48.0	127.27005572380615	137	27.27272727272727	1.516587
ERR1879674_1	96.77012582169364	49.0	126.53814047650359	137	27.27272727272727	2.699455
ERR1879674_2	94.85665133734658	49.0	121.83425617393141	127	36.36363636363637	2.699455
ERR1879684_1	78.34666588863425	49.0	119.97546191407157	132	36.36363636363637	1.5068819999999998
ERR1879684_2	80.62177025527218	50.0	119.09941654356479	132	54.54545454545454	1.5068819999999998
ERR1879688_1	81.67284993988973	47.0	123.49063362395808	142	27.27272727272727	1.419012
ERR1879688_2	83.94845353917384	47.0	130.91690486056496	147	54.54545454545454	1.419012
ERR1879689_1	96.05413866829566	49.0	123.46931356404876	132	27.27272727272727	2.409664
ERR1879689_2	94.00093533643289	49.0	119.50196375926271	127	36.36363636363637	2.409664
ERR1879690_1	77.13353556639588	50.0	114.02769879778718	127	27.27272727272727	0.517712
ERR1879690_2	79.74666981382909	50.0	117.5466282411843	132	36.36363636363637	0.517712
ERR1879691_1	69.21948218701414	47.0	120.65239568354691	137	27.27272727272727	0.537571
ERR1879691_2	72.85646147259385	47.0	123.09676489245142	137	27.27272727272727	0.537571
ERR1879701_1	74.69401599856099	51.0	116.16881604782529	127	36.36363636363637	1.9032609999999999
ERR1879701_2	76.07345341684517	51.0	120.24262095424642	132	36.36363636363637	1.9032609999999999
ERR1879703_1	84.60951601000745	50.0	124.13123779344049	132	27.27272727272727	1.345588
ERR1879703_2	84.36190705174515	50.0	124.80308831529413	132	27.27272727272727	1.345588
ERR1879704_1	94.84599170065249	48.0	133.66580412580421	142	45.45454545454545	1.709291
ERR1879704_2	90.17067432779186	48.0	127.35453939674403	137	36.36363636363637	1.709291
ERR1879710_1	77.81414640037113	50.0	118.64347439298156	127	27.27272727272727	1.535497
ERR1879710_2	77.23675207055993	50.0	117.27968012962579	127	27.27272727272727	1.535497
ERR1879714_1	72.8199351938202	49.0	117.46074546178949	132	27.27272727272727	1.5009219999999999
ERR1879714_2	74.79682174807866	50.0	121.51121777147647	137	45.45454545454545	1.5009219999999999
ERR1879715_1	73.32732652313182	49.0	116.9138731647162	132	27.27272727272727	0.888759
ERR1879715_2	71.99909178053825	49.0	119.46600484495796	132	45.45454545454545	0.888759
ERR1879718_1	77.16302283240083	49.0	119.18971317433238	132	36.36363636363637	3.0129799999999998
ERR1879718_2	80.2401753028029	49.0	123.23127501676082	137	27.27272727272727	3.0129799999999998
ERR1879721_1	83.61513449798505	50.0	118.33458385289546	132	27.27272727272727	2.707408
ERR1879721_2	86.92889953814077	50.0	121.68931723626436	132	27.27272727272727	2.707408
ERR1879725_1	74.01367342307655	46.0	118.87301139724833	132	27.27272727272727	1.918621
ERR1879725_2	79.3957182255572	47.0	125.23801052943755	137	27.27272727272727	1.918621
ERR1879726_1	68.49166298493726	49.0	117.30204571903263	132	27.27272727272727	0.801723
ERR1879726_2	72.52552864221107	50.0	117.5983600320809	127	45.45454545454545	0.801723
ERR1879728_1	71.97072223834283	46.0	119.91290002485147	132	27.27272727272727	1.134742
ERR1879728_2	76.244820869773	47.0	124.30186068727517	137	27.27272727272727	1.134742
ERR1879729_1	95.87198175928042	49.0	135.06755834989175	147	36.36363636363637	2.2928919999999997
ERR1879729_2	92.32729892899697	49.0	129.23242350708188	137	36.36363636363637	2.2928919999999997
ERR1879731_1	80.1706790441798	49.0	119.59167007850188	137	36.36363636363637	0.898832
ERR1879731_2	81.13208931846542	50.0	117.34618816419531	127	54.54545454545454	0.898832
ERR1879735_1	96.18612307370627	47.0	124.97391188301908	132	27.27272727272727	2.6226499999999997
ERR1879735_2	94.66028659220066	47.0	123.44988503994051	132	36.36363636363637	2.6226499999999997
ERR1879751_1	95.83945065339239	49.0	121.6451479857374	132	27.27272727272727	2.9385939999999997
ERR1879751_2	94.37683684076737	49.0	119.87746078566825	127	36.36363636363637	2.9385939999999997
ERR1879752_1	96.93773224589972	48.0	131.70859697623595	147	36.36363636363637	2.90102
ERR1879752_2	95.86591902945833	48.0	127.55118682394468	137	36.36363636363637	2.90102
ERR1879758_1	74.21193233889795	46.0	123.50714871122119	137	27.27272727272727	1.442218
ERR1879758_2	85.13318549660742	46.0	130.3177889889046	147	36.36363636363637	1.442218
ERR1879764_1	96.97958230765833	49.0	124.91217726259624	137	27.27272727272727	3.312058
ERR1879764_2	95.57078785878814	49.0	116.46040649046604	127	36.36363636363637	3.312058
ERR1879771_1	71.98631411769199	49.0	114.39100270551846	127	27.27272727272727	0.985763
ERR1879771_2	71.59358712738666	50.0	118.11412175137431	132	45.45454545454545	0.985763
ERR1879773_1	74.6035365238746	49.0	119.23326976001202	132	27.27272727272727	0.639157
ERR1879773_2	78.7152518122654	49.0	124.92150285454122	142	45.45454545454545	0.639157
ERR1879775_1	78.7335631607335	48.0	115.66468805331768	127	36.36363636363637	1.134633
ERR1879775_2	79.11229956638547	48.0	122.71784885509236	137	54.54545454545454	1.134633
ERR1879776_1	96.78589432804424	50.0	122.30310204043529	132	27.27272727272727	2.570824
ERR1879776_2	95.20059716757193	50.0	119.66045166841448	127	36.36363636363637	2.570824
ERR1879779_1	76.27004853790494	48.0	118.17682771617743	132	27.27272727272727	1.080351
ERR1879779_2	78.90607570675328	48.0	123.0338954654552	137	45.45454545454545	1.080351
ERR1879781_1	71.92089445435789	46.0	123.04407196775041	137	27.27272727272727	0.7005359999999999
ERR1879781_2	75.046616985137	46.0	124.94984554683842	137	27.27272727272727	0.7005359999999999
ERR1879792_1	88.14774540234296	50.0	120.73925989834265	132	36.36363636363637	1.8568259999999999
ERR1879792_2	87.45923270690473	50.0	122.3672492737607	132	36.36363636363637	1.8568259999999999
ERR1879801_1	70.60669681047293	49.0	114.74492465996357	127	36.36363636363637	1.254645
ERR1879801_2	74.71121723086058	49.0	116.19601241785524	127	27.27272727272727	1.254645
ERR1879814_1	74.791320393061	49.0	118.50981395509152	132	27.27272727272727	1.1315009999999999
ERR1879814_2	78.38299101899351	50.0	124.76985349548961	137	45.45454545454545	1.1315009999999999
ERR1879818_1	67.4606951962215	49.0	115.52365317319739	127	36.36363636363637	0.509234
ERR1879818_2	70.56854042881054	50.0	118.88458351170581	132	45.45454545454545	0.509234
ERR1879823_1	71.67047729218368	50.0	109.90786081616903	117	27.27272727272727	1.202496
ERR1879823_2	73.41729688385615	50.0	113.051902043749	122	27.27272727272727	1.202496
ERR1879824_1	72.49019794878457	49.0	118.96122826754974	132	27.27272727272727	1.0853009999999998
ERR1879824_2	76.84276317728254	49.0	122.49447388328215	132	27.27272727272727	1.0853009999999998
ERR1879829_1	76.84363533801746	49.0	121.64734527557842	137	27.27272727272727	1.232934
ERR1879829_2	80.50146319616573	50.0	125.69789623775482	142	36.36363636363637	1.232934
ERR1879834_1	84.06131362094105	46.0	125.38219790355558	142	27.27272727272727	1.905989
ERR1879834_2	86.32874708782622	46.0	132.38854369044103	147	54.54545454545454	1.905989
ERR1879837_1	77.9597869890469	49.0	119.6646797319284	132	27.27272727272727	2.916385
ERR1879837_2	82.39721653343679	49.0	122.32408066836169	132	27.27272727272727	2.916385
ERR1879841_1	79.33079751017158	48.0	121.80295193163948	137	36.36363636363637	0.738906
ERR1879841_2	82.36998922194189	48.0	121.60427172062482	142	45.45454545454545	0.738906
ERR1879843_1	74.33430849833431	48.0	122.30875408545475	137	27.27272727272727	1.458222
ERR1879843_2	79.24014127325785	49.0	127.15003065376877	142	36.36363636363637	1.458222
ERR1879845_1	79.03280366064885	50.0	114.59522108610821	127	27.27272727272727	1.059655
ERR1879845_2	76.43591201131724	50.0	121.12982149850659	137	45.45454545454545	1.059655
ERR1879852_1	94.18604515013749	50.0	129.7786682967271	142	27.27272727272727	2.686199
ERR1879852_2	94.89815460271464	50.0	128.08252739279555	137	27.27272727272727	2.686199
ERR1879856_1	73.20322456461187	48.0	118.02486496917341	132	27.27272727272727	1.026062
ERR1879856_2	73.26793908950908	49.0	121.8161670542326	137	45.45454545454545	1.026062
ERR1879863_1	84.39438058662405	49.0	118.85445650836483	132	27.27272727272727	2.5925789999999997
ERR1879863_2	84.74753840728596	49.0	125.04157597511976	137	27.27272727272727	2.5925789999999997
ERR1879864_1	79.06921604497131	50.0	116.66383361360764	127	27.27272727272727	0.890794
ERR1879864_2	79.56220922135554	51.0	120.34784697696662	132	45.45454545454545	0.890794
ERR1879874_1	96.37263868208555	48.0	124.53895753041364	137	36.36363636363637	2.757644
ERR1879874_2	94.42322735717337	48.0	120.4861029922644	127	45.45454545454545	2.757644
ERR1879875_1	68.76295093641102	48.0	115.80713054764303	127	36.36363636363637	0.7874289999999999
ERR1879875_2	71.9225926390996	49.0	118.55479033665257	132	27.27272727272727	0.7874289999999999
ERR1879877_1	92.62556743195724	49.0	133.69426370087027	147	36.36363636363637	3.898402
ERR1879877_2	94.66319130487847	49.0	132.44728147584576	147	36.36363636363637	3.898402
ERR1879878_1	73.82519231383831	48.0	120.32731708951799	137	27.27272727272727	1.551688
ERR1879878_2	76.84596958003497	49.0	125.25817174586643	142	45.45454545454545	1.551688
ERR1879887_1	74.26686980265006	52.0	115.80014513498844	127	36.36363636363637	1.705998
ERR1879887_2	75.71795053922482	52.0	120.21136894650522	132	27.27272727272727	1.705998
ERR1879888_1	75.95250047864087	49.0	124.70502720170896	137	27.27272727272727	2.233867
ERR1879888_2	82.33621797397791	49.0	129.62760047934813	142	27.27272727272727	2.233867
ERR1879891_1	94.83712237587423	49.0	135.1360999480261	147	36.36363636363637	1.214071
ERR1879891_2	95.0867782856192	49.0	135.2735910832233	147	36.36363636363637	1.214071
ERR1879894_1	71.84774417399679	50.0	113.53720969253636	122	27.27272727272727	0.590021
ERR1879894_2	73.82501924624191	50.0	112.19914545414485	122	45.45454545454545	0.590021
ERR1879895_1	73.87805290779565	49.0	120.46974590531532	132	27.27272727272727	1.304435
ERR1879895_2	79.00411943149683	50.0	125.15278568882313	142	36.36363636363637	1.304435
ERR1879896_1	74.85374249633635	48.0	113.77050191650638	127	27.27272727272727	2.637351
ERR1879896_2	80.90810918009731	49.0	121.93555199895653	137	27.27272727272727	2.637351
ERR1879898_1	69.63653802370656	50.0	110.55374055034774	122	27.27272727272727	0.49605
ERR1879898_2	67.04585160486693	50.0	114.26348351980647	127	45.45454545454545	0.49605
ERR1879899_1	93.84779712306677	50.0	133.92019657645267	142	27.27272727272727	2.533162
ERR1879899_2	94.92984335161782	50.0	135.25909120695795	147	36.36363636363637	2.533162
ERR1879905_1	88.25258038100635	50.0	128.83161731103837	142	27.27272727272727	1.7615349999999999
ERR1879905_2	87.61187388675619	50.0	127.98122773603704	142	27.27272727272727	1.7615349999999999
ERR1879909_1	69.85955451437351	49.0	123.10273475084522	142	27.27272727272727	0.262949
ERR1879909_2	71.43780733145971	49.0	124.64781383462193	142	45.45454545454545	0.262949
ERR1879912_1	70.4513020609727	48.0	116.09589987751133	127	36.36363636363637	1.062139
ERR1879912_2	73.71797100346885	48.0	118.42288438707175	132	45.45454545454545	1.062139
ERR1879914_1	88.49827656876859	48.0	130.3559833411682	142	27.27272727272727	1.6635019999999998
ERR1879914_2	88.27088075702692	48.0	130.0690927933961	142	27.27272727272727	1.6635019999999998
ERR1879915_1	75.61670528493553	48.0	121.554953121159	137	36.36363636363637	1.305813
ERR1879915_2	82.89162462202343	48.0	126.9896363414976	142	45.45454545454545	1.305813
ERR1879916_1	74.88704155516591	50.0	114.96126677612793	127	27.27272727272727	0.5603199999999999
ERR1879916_2	75.02241113210042	51.0	110.4003640776699	122	45.45454545454545	0.5603199999999999
ERR1879917_1	74.80809033620147	49.0	119.81315852485956	132	27.27272727272727	1.3405909999999999
ERR1879917_2	76.78679313647945	50.0	120.3162023316582	132	45.45454545454545	1.3405909999999999
ERR1879918_1	76.66549930737222	50.0	122.06649427850618	132	27.27272727272727	2.349736
ERR1879918_2	79.65389498984983	50.0	125.30504533275227	137	36.36363636363637	2.349736
ERR1879922_1	76.60218446667935	50.0	111.89186544059709	122	27.27272727272727	1.038114
ERR1879922_2	77.13790054903804	51.0	113.28704169291619	122	45.45454545454545	1.038114
ERR1879928_1	74.71239307171157	49.0	115.7186336847706	127	27.27272727272727	0.41723899999999997
ERR1879928_2	74.34308532228219	50.0	109.17717183676503	122	45.45454545454545	0.41723899999999997
ERR1879929_1	72.94452477329217	50.0	116.80346329544247	132	27.27272727272727	0.865996
ERR1879929_2	75.50554704547599	50.0	117.80122310033765	127	45.45454545454545	0.865996
ERR1879940_1	87.25598290734854	48.0	125.7036383920948	137	27.27272727272727	1.7568199999999998
ERR1879940_2	85.7919799618892	48.0	126.6892777859997	137	27.27272727272727	1.7568199999999998
ERR1879942_1	77.31518721693331	48.0	117.61214445515512	132	36.36363636363637	1.108967
ERR1879942_2	81.5000922357655	49.0	117.20790519465412	127	36.36363636363637	1.108967
ERR1879944_1	68.88659850831633	49.0	115.3565492224956	127	36.36363636363637	0.514145
ERR1879944_2	71.3706443084458	49.0	119.07084382810297	132	27.27272727272727	0.514145
ERR1879945_1	73.59971975863202	49.0	121.2694999443368	137	27.27272727272727	1.5989019999999998
ERR1879945_2	82.6218760076512	49.0	127.03252044215343	142	45.45454545454545	1.5989019999999998
ERR1879948_1	87.78210846293658	49.0	123.7629069559632	132	27.27272727272727	1.695423
ERR1879948_2	86.53247426895476	49.0	124.67296715922811	137	27.27272727272727	1.695423
ERR562378_1	96.20236483870399	50.0	151.0	151	45.45454545454545	2.208269
ERR562378_2	89.0564226430506	50.0	151.0	151	54.54545454545454	2.208269
ERR562385_1	97.59646821512501	51.0	151.0	151	45.45454545454545	2.271033
ERR562385_2	94.60190442847292	51.0	151.0	151	54.54545454545454	2.271033
ERR562386_1	95.37121610414727	50.0	151.0	151	36.36363636363637	2.476124
ERR562386_2	89.54945472770271	50.0	151.0	151	45.45454545454545	2.476124
ERR562391_1	96.11555123249246	49.0	151.0	151	54.54545454545454	2.576215
ERR562391_2	89.3325810423665	50.0	151.0	151	63.63636363636363	2.576215
ERR562404_1	98.1401524236802	50.0	151.0	151	54.54545454545454	2.755871
ERR562404_2	96.50527909325218	50.0	151.0	151	54.54545454545454	2.755871
ERR562426_1	97.9732939092355	49.0	151.0	151	45.45454545454545	2.32007
ERR562426_2	96.94595421689863	49.0	151.0	151	45.45454545454545	2.32007
ERR562429_1	97.37454129648887	50.0	151.0	151	36.36363636363637	3.3022419999999997
ERR562429_2	95.38963433386903	50.0	151.0	151	45.45454545454545	3.3022419999999997
ERR562434_1	96.8998896863478	50.0	151.0	151	54.54545454545454	2.224566
ERR562434_2	94.23096446082377	50.0	151.0	151	54.54545454545454	2.224566
ERR562437_1	97.17005097857005	50.0	151.0	151	54.54545454545454	2.279193
ERR562437_2	95.37182306102284	49.0	151.0	151	54.54545454545454	2.279193
ERR562441_1	97.5534022137033	53.0	151.0	151	63.63636363636363	1.9906009999999998
ERR562441_2	96.91349496960969	52.0	151.0	151	54.54545454545454	1.9906009999999998
ERR562444_1	97.9507798202726	50.0	151.0	151	54.54545454545454	2.745825
ERR562444_2	95.90265273606327	50.0	151.0	151	63.63636363636363	2.745825
ERR562452_1	96.00944944808401	49.0	151.0	151	54.54545454545454	2.755699
ERR562452_2	92.38708768570082	49.0	151.0	151	54.54545454545454	2.755699
ERR562457_1	96.48546717376645	49.0	151.0	151	54.54545454545454	2.3905879999999997
ERR562457_2	94.75548577072259	49.0	151.0	151	45.45454545454545	2.3905879999999997
ERR562460_1	97.51014619823903	49.0	151.0	151	54.54545454545454	3.807091
ERR562460_2	94.95261139858403	49.0	151.0	151	63.63636363636363	3.807091
ERR562461_1	95.81600749506136	49.0	151.0	151	45.45454545454545	2.310855
ERR562461_2	89.92348672483261	49.0	151.0	151	54.54545454545454	2.310855
ERR562495_1	90.61843997788358	47.0	151.0	151	54.54545454545454	2.344194
ERR562495_2	81.85930614543392	47.0	151.0	151	63.63636363636363	2.344194
ERR562500_1	96.57114178882293	50.0	151.0	151	45.45454545454545	1.827168
ERR562500_2	94.89625475052102	51.0	151.0	151	45.45454545454545	1.827168
ERR562512_1	96.21694186947184	50.0	151.0	151	45.45454545454545	1.398181
ERR562512_2	92.42451332205016	50.0	151.0	151	54.54545454545454	1.398181
ERR562517_1	96.89898095460921	50.0	151.0	151	36.36363636363637	1.7865739999999999
ERR562517_2	95.32692180676536	50.0	151.0	151	36.36363636363637	1.7865739999999999
ERR562518_1	97.488483294512	48.0	151.0	151	54.54545454545454	2.2745219999999997
ERR562518_2	96.10463209412791	48.0	151.0	151	54.54545454545454	2.2745219999999997
ERR562532_1	95.58265754941284	50.0	151.0	151	36.36363636363637	2.2652319999999997
ERR562532_2	93.13173948807555	50.0	151.0	151	36.36363636363637	2.2652319999999997
ERR562538_1	97.85831570838768	50.0	151.0	151	36.36363636363637	2.0718739999999998
ERR562538_2	96.61364542438392	50.0	151.0	151	36.36363636363637	2.0718739999999998
ERR562542_1	98.05111243530601	50.0	151.0	151	54.54545454545454	2.9871399999999997
ERR562542_2	96.76858131858567	50.0	151.0	151	54.54545454545454	2.9871399999999997
ERR562549_1	96.71023462960702	50.0	151.0	151	36.36363636363637	3.54928
ERR562549_2	94.81606166176716	50.0	151.0	151	45.45454545454545	3.54928
ERR562551_1	90.73493654207935	49.0	151.0	151	45.45454545454545	2.1869389999999997
ERR562551_2	81.94103799659023	49.0	151.0	151	54.54545454545454	2.1869389999999997
ERR562564_1	95.85153431047843	49.0	151.0	151	45.45454545454545	2.567436
ERR562564_2	90.9335432406831	49.0	151.0	151	45.45454545454545	2.567436
ERR562568_1	96.98326132599811	49.0	151.0	151	45.45454545454545	2.721482
ERR562568_2	95.31326236587324	49.0	151.0	151	45.45454545454545	2.721482
ERR562574_1	97.52186269532896	50.0	151.0	151	45.45454545454545	2.6928289999999997
ERR562574_2	94.37912517681801	50.0	151.0	151	54.54545454545454	2.6928289999999997
ERR562588_1	96.77406425018745	50.0	151.0	151	45.45454545454545	3.519328
ERR562588_2	94.2469065167262	50.0	151.0	151	45.45454545454545	3.519328
ERR562607_1	93.73194444101843	45.0	151.0	151	54.54545454545454	8.854603
ERR562607_2	91.43233271742889	45.0	151.0	151	54.54545454545454	8.854603
ERR562611_1	96.04113812974572	50.0	151.0	151	54.54545454545454	1.800568
ERR562611_2	91.87913614959614	50.0	151.0	151	45.45454545454545	1.800568
ERR562616_1	96.73562871037134	48.0	151.0	151	36.36363636363637	2.51491
ERR562616_2	95.45111476272771	48.0	151.0	151	45.45454545454545	2.51491
ERR562638_1	96.89268493548377	49.0	151.0	151	45.45454545454545	2.025382
ERR562638_2	94.27735770426676	49.0	151.0	151	45.45454545454545	2.025382
ERR562641_1	97.64165148693576	50.0	151.0	151	54.54545454545454	3.343823
ERR562641_2	94.33198325137667	50.0	151.0	151	54.54545454545454	3.343823
ERR562646_1	95.52853082823833	50.0	151.0	151	36.36363636363637	2.431221
ERR562646_2	89.97264590089287	50.0	151.0	151	45.45454545454545	2.431221
ERR562647_1	97.01472993166001	50.0	151.0	151	36.36363636363637	3.0623359999999997
ERR562647_2	94.67306412417076	50.0	151.0	151	45.45454545454545	3.0623359999999997
ERR562657_1	97.45913078560284	49.0	151.0	151	45.45454545454545	1.9432719999999999
ERR562657_2	96.27550852376817	49.0	151.0	151	45.45454545454545	1.9432719999999999
ERR562659_1	97.24418835990913	50.0	151.0	151	36.36363636363637	3.2419849999999997
ERR562659_2	95.88589091608677	50.0	151.0	151	45.45454545454545	3.2419849999999997
ERR562664_1	96.92369236262411	49.0	151.0	151	45.45454545454545	1.814838
ERR562664_2	95.5398773885052	49.0	151.0	151	54.54545454545454	1.814838
ERR562667_1	89.2496923212434	48.0	151.0	151	63.63636363636363	2.133413
ERR562667_2	78.48089610927148	48.0	151.0	151	72.72727272727273	2.133413
ERR562670_1	96.36584638259723	50.0	151.0	151	45.45454545454545	2.561064
ERR562670_2	94.58818241642179	49.0	151.0	151	45.45454545454545	2.561064
ERR562700_1	97.07757661666547	49.0	151.0	151	45.45454545454545	2.2292799999999997
ERR562700_2	95.50665928775604	49.0	151.0	151	45.45454545454545	2.2292799999999997
ERR562702_1	96.66379451449819	47.0	151.0	151	54.54545454545454	1.618995
ERR562702_2	95.01190553398868	47.0	151.0	151	54.54545454545454	1.618995
ERR562716_1	97.10904766398247	49.0	151.0	151	54.54545454545454	2.2678339999999997
ERR562716_2	93.1686596030528	49.0	151.0	151	54.54545454545454	2.2678339999999997
